 6.0250E+03 5.7548E-01
 6.0500E+03 5.7357E-01
 6.0750E+03 5.7155E-01
 6.1000E+03 5.6954E-01
 6.1250E+03 5.6752E-01
 6.1500E+03 5.6552E-01
 6.1750E+03 5.6352E-01
 6.2000E+03 5.6152E-01
 6.2250E+03 5.5953E-01
 6.2500E+03 5.5754E-01
 6.2750E+03 5.5556E-01
 6.3000E+03 5.5360E-01
 6.3250E+03 5.5163E-01
 6.3500E+03 5.4968E-01
 6.3750E+03 5.4773E-01
 6.4000E+03 5.4578E-01
 6.4250E+03 5.4387E-01
 6.4500E+03 5.4188E-01
 6.4750E+03 5.3996E-01
 6.5000E+03 5.3803E-01
 6.5250E+03 5.3614E-01
 6.5500E+03 5.3425E-01
 6.5750E+03 5.3229E-01
 6.6000E+03 5.3042E-01
 6.6250E+03 5.2851E-01
 6.6500E+03 5.2660E-01
 6.6750E+03 5.2474E-01
 6.7000E+03 5.2287E-01
 6.7250E+03 5.2102E-01
 6.7500E+03 5.1917E-01
 6.7750E+03 5.1733E-01
 6.8000E+03 5.1549E-01
 6.8250E+03 5.1364E-01
 6.8500E+03 5.1178E-01
 6.8750E+03 5.0998E-01
 6.9000E+03 5.0815E-01
 6.9250E+03 5.0633E-01
 6.9500E+03 5.0453E-01
 6.9750E+03 5.0273E-01
 7.0000E+03 5.0092E-01
 7.0250E+03 4.9914E-01
 7.0500E+03 4.9736E-01
 7.0750E+03 4.9556E-01
 7.1000E+03 4.9385E-01
 7.1250E+03 4.9206E-01
 7.1500E+03 4.9029E-01
 7.1750E+03 4.8851E-01
 7.2000E+03 4.8679E-01
 7.2250E+03 4.8503E-01
 7.2500E+03 4.8329E-01
 7.2750E+03 4.8158E-01
 7.3000E+03 4.7982E-01
 7.3250E+03 4.7819E-01
 7.3500E+03 4.7641E-01
 7.3750E+03 4.7471E-01
 7.4000E+03 4.7303E-01
 7.4250E+03 4.7138E-01
 7.4500E+03 4.6968E-01
 7.4750E+03 4.6801E-01
 7.5000E+03 4.6634E-01
 7.5250E+03 4.6464E-01
 7.5500E+03 4.6304E-01
 7.5750E+03 4.6140E-01
 7.6000E+03 4.5978E-01
 7.6250E+03 4.5811E-01
 7.6500E+03 4.5651E-01
 7.6750E+03 4.5487E-01
 7.7000E+03 4.5327E-01
 7.7250E+03 4.5160E-01
 7.7500E+03 4.5004E-01
 7.7750E+03 4.4842E-01
 7.8000E+03 4.4683E-01
 7.8250E+03 4.4524E-01
 7.8500E+03 4.4368E-01
 7.8750E+03 4.4206E-01
 7.9000E+03 4.4053E-01
 7.9250E+03 4.3891E-01
 7.9500E+03 4.3738E-01
 7.9750E+03 4.3583E-01
 8.0000E+03 4.3428E-01
 8.0250E+03 4.3275E-01
 8.0500E+03 4.3123E-01
 8.0750E+03 4.2967E-01
 8.1000E+03 4.2818E-01
 8.1250E+03 4.2664E-01
 8.1500E+03 4.2516E-01
 8.1750E+03 4.2366E-01
 8.2000E+03 4.2214E-01
 8.2250E+03 4.2067E-01
 8.2500E+03 4.1914E-01
 8.2750E+03 4.1769E-01
 8.3000E+03 4.1622E-01
 8.3250E+03 4.1475E-01
 8.3500E+03 4.1331E-01
 8.3750E+03 4.1184E-01
 8.4000E+03 4.1043E-01
 8.4250E+03 4.0893E-01
 8.4500E+03 4.0753E-01
 8.4750E+03 4.0609E-01
 8.5000E+03 4.0468E-01
 8.5250E+03 4.0324E-01
 8.5500E+03 4.0185E-01
 8.5750E+03 4.0043E-01
 8.6000E+03 3.9908E-01
 8.6250E+03 3.9760E-01
 8.6500E+03 3.9625E-01
 8.6750E+03 3.9486E-01
 8.7000E+03 3.9346E-01
 8.7250E+03 3.9212E-01
 8.7500E+03 3.9074E-01
 8.7750E+03 3.8935E-01
 8.8000E+03 3.8804E-01
 8.8250E+03 3.8670E-01
 8.8500E+03 3.8535E-01
 8.8750E+03 3.8399E-01
 8.9000E+03 3.8267E-01
 8.9250E+03 3.8129E-01
 8.9500E+03 3.8000E-01
 8.9750E+03 3.7871E-01
 9.0000E+03 3.7734E-01
 9.0250E+03 3.7608E-01
 9.0500E+03 3.7476E-01
 9.0750E+03 3.7348E-01
 9.1000E+03 3.7219E-01
 9.1250E+03 3.7087E-01
 9.1500E+03 3.6965E-01
 9.1750E+03 3.6832E-01
 9.2000E+03 3.6707E-01
 9.2250E+03 3.6581E-01
 9.2500E+03 3.6454E-01
 9.2750E+03 3.6329E-01
 9.3000E+03 3.6202E-01
 9.3250E+03 3.6083E-01
 9.3500E+03 3.5959E-01
 9.3750E+03 3.5831E-01
 9.4000E+03 3.5710E-01
 9.4250E+03 3.5588E-01
 9.4500E+03 3.5468E-01
 9.4750E+03 3.5348E-01
 9.5000E+03 3.5224E-01
 9.5250E+03 3.5106E-01
 9.5500E+03 3.4985E-01
 9.5750E+03 3.4866E-01
 9.6000E+03 3.4747E-01
 9.6250E+03 3.4628E-01
 9.6500E+03 3.4512E-01
 9.6750E+03 3.4397E-01
 9.7000E+03 3.4276E-01
 9.7250E+03 3.4160E-01
 9.7500E+03 3.4047E-01
 9.7750E+03 3.3930E-01
 9.8000E+03 3.3815E-01
 9.8250E+03 3.3704E-01
 9.8500E+03 3.3585E-01
 9.8750E+03 3.3475E-01
 9.9000E+03 3.3363E-01
 9.9250E+03 3.3247E-01
 9.9500E+03 3.3140E-01
 9.9750E+03 3.3027E-01
 1.0000E+04 3.2912E-01
 1.0025E+04 3.2806E-01
 1.0050E+04 3.2697E-01
 1.0075E+04 3.2584E-01
 1.0100E+04 3.2476E-01
 1.0125E+04 3.2370E-01
 1.0150E+04 3.2261E-01
 1.0175E+04 3.2149E-01
 1.0200E+04 3.2046E-01
 1.0225E+04 3.1939E-01
 1.0250E+04 3.1831E-01
 1.0275E+04 3.1729E-01
 1.0300E+04 3.1622E-01
 1.0325E+04 3.1516E-01
 1.0350E+04 3.1411E-01
 1.0375E+04 3.1306E-01
 1.0400E+04 3.1202E-01
 1.0425E+04 3.1097E-01
 1.0450E+04 3.0998E-01
 1.0475E+04 3.0893E-01
 1.0500E+04 3.0792E-01
 1.0525E+04 3.0694E-01
 1.0550E+04 3.0588E-01
 1.0575E+04 3.0490E-01
 1.0600E+04 3.0387E-01
 1.0625E+04 3.0288E-01
 1.0650E+04 3.0191E-01
 1.0675E+04 3.0092E-01
 1.0700E+04 2.9993E-01
 1.0725E+04 2.9893E-01
 1.0750E+04 2.9797E-01
 1.0775E+04 2.9699E-01
 1.0800E+04 2.9602E-01
 1.0825E+04 2.9506E-01
 1.0850E+04 2.9411E-01
 1.0875E+04 2.9312E-01
 1.0900E+04 2.9217E-01
 1.0925E+04 2.9122E-01
 1.0950E+04 2.9028E-01
 1.0975E+04 2.8931E-01
 1.1000E+04 2.8840E-01
