 6.0250E+03 7.0963E-01
 6.0500E+03 7.1174E-01
 6.0750E+03 7.1379E-01
 6.1000E+03 7.1585E-01
 6.1250E+03 7.1788E-01
 6.1500E+03 7.1991E-01
 6.1750E+03 7.2195E-01
 6.2000E+03 7.2393E-01
 6.2250E+03 7.2597E-01
 6.2500E+03 7.2794E-01
 6.2750E+03 7.2995E-01
 6.3000E+03 7.3192E-01
 6.3250E+03 7.3392E-01
 6.3500E+03 7.3586E-01
 6.3750E+03 7.3784E-01
 6.4000E+03 7.3982E-01
 6.4250E+03 7.4174E-01
 6.4500E+03 7.4372E-01
 6.4750E+03 7.4562E-01
 6.5000E+03 7.4751E-01
 6.5250E+03 7.4948E-01
 6.5500E+03 7.5137E-01
 6.5750E+03 7.5331E-01
 6.6000E+03 7.5521E-01
 6.6250E+03 7.5708E-01
 6.6500E+03 7.5900E-01
 6.6750E+03 7.6086E-01
 6.7000E+03 7.6271E-01
 6.7250E+03 7.6460E-01
 6.7500E+03 7.6649E-01
 6.7750E+03 7.6836E-01
 6.8000E+03 7.7023E-01
 6.8250E+03 7.7205E-01
 6.8500E+03 7.7389E-01
 6.8750E+03 7.7568E-01
 6.9000E+03 7.7752E-01
 6.9250E+03 7.7932E-01
 6.9500E+03 7.8110E-01
 6.9750E+03 7.8292E-01
 7.0000E+03 7.8473E-01
 7.0250E+03 7.8653E-01
 7.0500E+03 7.8830E-01
 7.0750E+03 7.9005E-01
 7.1000E+03 7.9184E-01
 7.1250E+03 7.9362E-01
 7.1500E+03 7.9542E-01
 7.1750E+03 7.9714E-01
 7.2000E+03 7.9889E-01
 7.2250E+03 8.0063E-01
 7.2500E+03 8.0238E-01
 7.2750E+03 8.0404E-01
 7.3000E+03 8.0577E-01
 7.3250E+03 8.0748E-01
 7.3500E+03 8.0926E-01
 7.3750E+03 8.1091E-01
 7.4000E+03 8.1254E-01
 7.4250E+03 8.1428E-01
 7.4500E+03 8.1597E-01
 7.4750E+03 8.1769E-01
 7.5000E+03 8.1930E-01
 7.5250E+03 8.2094E-01
 7.5500E+03 8.2261E-01
 7.5750E+03 8.2428E-01
 7.6000E+03 8.2592E-01
 7.6250E+03 8.2760E-01
 7.6500E+03 8.2924E-01
 7.6750E+03 8.3088E-01
 7.7000E+03 8.3251E-01
 7.7250E+03 8.3412E-01
 7.7500E+03 8.3575E-01
 7.7750E+03 8.3733E-01
 7.8000E+03 8.3899E-01
 7.8250E+03 8.4054E-01
 7.8500E+03 8.4213E-01
 7.8750E+03 8.4372E-01
 7.9000E+03 8.4532E-01
 7.9250E+03 8.4687E-01
 7.9500E+03 8.4843E-01
 7.9750E+03 8.4998E-01
 8.0000E+03 8.5155E-01
 8.0250E+03 8.5312E-01
 8.0500E+03 8.5465E-01
 8.0750E+03 8.5618E-01
 8.1000E+03 8.5774E-01
 8.1250E+03 8.5924E-01
 8.1500E+03 8.6078E-01
 8.1750E+03 8.6230E-01
 8.2000E+03 8.6379E-01
 8.2250E+03 8.6532E-01
 8.2500E+03 8.6679E-01
 8.2750E+03 8.6830E-01
 8.3000E+03 8.6980E-01
 8.3250E+03 8.7126E-01
 8.3500E+03 8.7278E-01
 8.3750E+03 8.7424E-01
 8.4000E+03 8.7568E-01
 8.4250E+03 8.7721E-01
 8.4500E+03 8.7863E-01
 8.4750E+03 8.8013E-01
 8.5000E+03 8.8153E-01
 8.5250E+03 8.8300E-01
 8.5500E+03 8.8441E-01
 8.5750E+03 8.8584E-01
 8.6000E+03 8.8728E-01
 8.6250E+03 8.8873E-01
 8.6500E+03 8.9013E-01
 8.6750E+03 8.9158E-01
 8.7000E+03 8.9294E-01
 8.7250E+03 8.9435E-01
 8.7500E+03 8.9579E-01
 8.7750E+03 8.9714E-01
 8.8000E+03 8.9855E-01
 8.8250E+03 8.9996E-01
 8.8500E+03 9.0133E-01
 8.8750E+03 9.0269E-01
 8.9000E+03 9.0403E-01
 8.9250E+03 9.0543E-01
 8.9500E+03 9.0676E-01
 8.9750E+03 9.0814E-01
 9.0000E+03 9.0950E-01
 9.0250E+03 9.1085E-01
 9.0500E+03 9.1219E-01
 9.0750E+03 9.1356E-01
 9.1000E+03 9.1485E-01
 9.1250E+03 9.1617E-01
 9.1500E+03 9.1750E-01
 9.1750E+03 9.1884E-01
 9.2000E+03 9.2013E-01
 9.2250E+03 9.2149E-01
 9.2500E+03 9.2282E-01
 9.2750E+03 9.2411E-01
 9.3000E+03 9.2538E-01
 9.3250E+03 9.2663E-01
 9.3500E+03 9.2795E-01
 9.3750E+03 9.2924E-01
 9.4000E+03 9.3050E-01
 9.4250E+03 9.3181E-01
 9.4500E+03 9.3306E-01
 9.4750E+03 9.3435E-01
 9.5000E+03 9.3558E-01
 9.5250E+03 9.3684E-01
 9.5500E+03 9.3813E-01
 9.5750E+03 9.3938E-01
 9.6000E+03 9.4061E-01
 9.6250E+03 9.4186E-01
 9.6500E+03 9.4303E-01
 9.6750E+03 9.4427E-01
 9.7000E+03 9.4559E-01
 9.7250E+03 9.4681E-01
 9.7500E+03 9.4798E-01
 9.7750E+03 9.4920E-01
 9.8000E+03 9.5041E-01
 9.8250E+03 9.5163E-01
 9.8500E+03 9.5282E-01
 9.8750E+03 9.5396E-01
 9.9000E+03 9.5519E-01
 9.9250E+03 9.5642E-01
 9.9500E+03 9.5760E-01
 9.9750E+03 9.5878E-01
 1.0000E+04 9.5997E-01
 1.0025E+04 9.6112E-01
 1.0050E+04 9.6226E-01
 1.0075E+04 9.6343E-01
 1.0100E+04 9.6461E-01
 1.0125E+04 9.6581E-01
 1.0150E+04 9.6695E-01
 1.0175E+04 9.6810E-01
 1.0200E+04 9.6930E-01
 1.0225E+04 9.7041E-01
 1.0250E+04 9.7150E-01
 1.0275E+04 9.7267E-01
 1.0300E+04 9.7384E-01
 1.0325E+04 9.7501E-01
 1.0350E+04 9.7607E-01
 1.0375E+04 9.7725E-01
 1.0400E+04 9.7832E-01
 1.0425E+04 9.7942E-01
 1.0450E+04 9.8055E-01
 1.0475E+04 9.8157E-01
 1.0500E+04 9.8278E-01
 1.0525E+04 9.8382E-01
 1.0550E+04 9.8493E-01
 1.0575E+04 9.8609E-01
 1.0600E+04 9.8712E-01
 1.0625E+04 9.8819E-01
 1.0650E+04 9.8926E-01
 1.0675E+04 9.9039E-01
 1.0700E+04 9.9145E-01
 1.0725E+04 9.9255E-01
 1.0750E+04 9.9352E-01
 1.0775E+04 9.9465E-01
 1.0800E+04 9.9570E-01
 1.0825E+04 9.9680E-01
 1.0850E+04 9.9786E-01
 1.0875E+04 9.9892E-01
 1.0900E+04 9.9991E-01
 1.0925E+04 1.0010E+00
 1.0950E+04 1.0020E+00
 1.0975E+04 1.0030E+00
 1.1000E+04 1.0041E+00
