-1.6616E+02 3.9764E-17
-1.6533E+02 5.4034E-17
-1.6449E+02 7.3320E-17
-1.6366E+02 9.9340E-17
-1.6282E+02 1.3436E-16
-1.6199E+02 1.8148E-16
-1.6116E+02 2.4471E-16
-1.6032E+02 3.2951E-16
-1.5949E+02 4.4294E-16
-1.5866E+02 5.9452E-16
-1.5782E+02 7.9677E-16
-1.5699E+02 1.0663E-15
-1.5615E+02 1.4246E-15
-1.5532E+02 1.9005E-15
-1.5449E+02 2.5313E-15
-1.5365E+02 3.3663E-15
-1.5282E+02 4.4700E-15
-1.5198E+02 5.9266E-15
-1.5115E+02 7.8446E-15
-1.5032E+02 1.0370E-14
-1.4948E+02 1.3682E-14
-1.4865E+02 1.8029E-14
-1.4781E+02 2.3721E-14
-1.4698E+02 3.1156E-14
-1.4615E+02 4.0860E-14
-1.4531E+02 5.3511E-14
-1.4448E+02 6.9961E-14
-1.4365E+02 9.1334E-14
-1.4281E+02 1.1905E-13
-1.4198E+02 1.5494E-13
-1.4114E+02 2.0131E-13
-1.4031E+02 2.6121E-13
-1.3948E+02 3.3836E-13
-1.3864E+02 4.3764E-13
-1.3781E+02 5.6518E-13
-1.3697E+02 7.2875E-13
-1.3614E+02 9.3813E-13
-1.3531E+02 1.2060E-12
-1.3447E+02 1.5479E-12
-1.3364E+02 1.9836E-12
-1.3280E+02 2.5381E-12
-1.3197E+02 3.2422E-12
-1.3114E+02 4.1357E-12
-1.3030E+02 5.2675E-12
-1.2947E+02 6.6974E-12
-1.2864E+02 8.5042E-12
-1.2780E+02 1.0780E-11
-1.2697E+02 1.3645E-11
-1.2613E+02 1.7245E-11
-1.2530E+02 2.1760E-11
-1.2447E+02 2.7413E-11
-1.2363E+02 3.4484E-11
-1.2280E+02 4.3316E-11
-1.2196E+02 5.4322E-11
-1.2113E+02 6.8011E-11
-1.2030E+02 8.5025E-11
-1.1946E+02 1.0612E-10
-1.1863E+02 1.3227E-10
-1.1779E+02 1.6462E-10
-1.1696E+02 2.0453E-10
-1.1613E+02 2.5374E-10
-1.1529E+02 3.1426E-10
-1.1446E+02 3.8867E-10
-1.1363E+02 4.7994E-10
-1.1279E+02 5.9173E-10
-1.1196E+02 7.2838E-10
-1.1112E+02 8.9517E-10
-1.1029E+02 1.0987E-09
-1.0946E+02 1.3463E-09
-1.0862E+02 1.6470E-09
-1.0779E+02 2.0119E-09
-1.0695E+02 2.4539E-09
-1.0612E+02 2.9880E-09
-1.0529E+02 3.6329E-09
-1.0445E+02 4.4111E-09
-1.0362E+02 5.3467E-09
-1.0278E+02 6.4706E-09
-1.0195E+02 7.8188E-09
-1.0112E+02 9.4346E-09
-1.0028E+02 1.1365E-08
-9.9449E+01 1.3670E-08
-9.8615E+01 1.6416E-08
-9.7781E+01 1.9686E-08
-9.6947E+01 2.3568E-08
-9.6114E+01 2.8171E-08
-9.5280E+01 3.3624E-08
-9.4446E+01 4.0070E-08
-9.3612E+01 4.7676E-08
-9.2778E+01 5.6645E-08
-9.1944E+01 6.7190E-08
-9.1110E+01 7.9578E-08
-9.0276E+01 9.4105E-08
-8.9442E+01 1.1111E-07
-8.8608E+01 1.3098E-07
-8.7775E+01 1.5420E-07
-8.6941E+01 1.8120E-07
-8.6107E+01 2.1263E-07
-8.5273E+01 2.4911E-07
-8.4439E+01 2.9144E-07
-8.3605E+01 3.4036E-07
-8.2771E+01 3.9694E-07
-8.1937E+01 4.6223E-07
-8.1103E+01 5.3736E-07
-8.0270E+01 6.2376E-07
-7.9436E+01 7.2308E-07
-7.8602E+01 8.3667E-07
-7.7768E+01 9.6665E-07
-7.6934E+01 1.1152E-06
-7.6100E+01 1.2845E-06
-7.5266E+01 1.4774E-06
-7.4432E+01 1.6966E-06
-7.3598E+01 1.9452E-06
-7.2765E+01 2.2268E-06
-7.1931E+01 2.5453E-06
-7.1097E+01 2.9047E-06
-7.0263E+01 3.3097E-06
-6.9429E+01 3.7658E-06
-6.8595E+01 4.2776E-06
-6.7761E+01 4.8517E-06
-6.6927E+01 5.4946E-06
-6.6093E+01 6.2125E-06
-6.5260E+01 7.0141E-06
-6.4426E+01 7.9062E-06
-6.3592E+01 8.8984E-06
-6.2758E+01 9.9990E-06
-6.1924E+01 1.1219E-05
-6.1090E+01 1.2569E-05
-6.0256E+01 1.4058E-05
-5.9422E+01 1.5700E-05
-5.8588E+01 1.7510E-05
-5.7755E+01 1.9494E-05
-5.6921E+01 2.1671E-05
-5.6087E+01 2.4053E-05
-5.5253E+01 2.6657E-05
-5.4419E+01 2.9494E-05
-5.3585E+01 3.2581E-05
-5.2751E+01 3.5946E-05
-5.1917E+01 3.9590E-05
-5.1083E+01 4.3537E-05
-5.0250E+01 4.7801E-05
-4.9416E+01 5.2402E-05
-4.8582E+01 5.7355E-05
-4.7748E+01 6.2687E-05
-4.6914E+01 6.8411E-05
-4.6080E+01 7.4543E-05
-4.5246E+01 8.1093E-05
-4.4412E+01 8.8071E-05
-4.3578E+01 9.5511E-05
-4.2745E+01 1.0343E-04
-4.1911E+01 1.1184E-04
-4.1077E+01 1.2070E-04
-4.0243E+01 1.3010E-04
-3.9409E+01 1.4003E-04
-3.8575E+01 1.5045E-04
-3.7741E+01 1.6139E-04
-3.6907E+01 1.7289E-04
-3.6073E+01 1.8493E-04
-3.5240E+01 1.9748E-04
-3.4406E+01 2.1054E-04
-3.3572E+01 2.2413E-04
-3.2738E+01 2.3822E-04
-3.1904E+01 2.5287E-04
-3.1070E+01 2.6793E-04
-3.0236E+01 2.8350E-04
-2.9402E+01 2.9945E-04
-2.8568E+01 3.1584E-04
-2.7735E+01 3.3264E-04
-2.6901E+01 3.4975E-04
-2.6067E+01 3.6720E-04
-2.5233E+01 3.8494E-04
-2.4399E+01 4.0288E-04
-2.3565E+01 4.2103E-04
-2.2731E+01 4.3932E-04
-2.1897E+01 4.5766E-04
-2.1063E+01 4.7606E-04
-2.0230E+01 4.9439E-04
-1.9396E+01 5.1271E-04
-1.8562E+01 5.3087E-04
-1.7728E+01 5.4873E-04
-1.6894E+01 5.6644E-04
-1.6060E+01 5.8381E-04
-1.5226E+01 6.0072E-04
-1.4392E+01 6.1716E-04
-1.3558E+01 6.3316E-04
-1.2725E+01 6.4846E-04
-1.1891E+01 6.6318E-04
-1.1057E+01 6.7706E-04
-1.0223E+01 6.9026E-04
-9.3890E+00 7.0263E-04
-8.5551E+00 7.1415E-04
-7.7212E+00 7.2477E-04
-6.8873E+00 7.3429E-04
-6.0534E+00 7.4292E-04
-5.2196E+00 7.5034E-04
-4.3857E+00 7.5678E-04
-3.5518E+00 7.6200E-04
-2.7179E+00 7.6612E-04
-1.8840E+00 7.6915E-04
-1.0501E+00 7.7096E-04
-2.1622E-01 7.7154E-04
 6.1766E-01 7.7091E-04
 1.4516E+00 7.6915E-04
 2.2854E+00 7.6609E-04
 3.1193E+00 7.6201E-04
 3.9532E+00 7.5678E-04
 4.7871E+00 7.5030E-04
 5.6210E+00 7.4289E-04
 6.4549E+00 7.3423E-04
 7.2888E+00 7.2475E-04
 8.1227E+00 7.1413E-04
 8.9566E+00 7.0260E-04
 9.7904E+00 6.9028E-04
 1.0624E+01 6.7704E-04
 1.1458E+01 6.6319E-04
 1.2292E+01 6.4841E-04
 1.3126E+01 6.3305E-04
 1.3960E+01 6.1703E-04
 1.4794E+01 6.0069E-04
 1.5628E+01 5.8374E-04
 1.6462E+01 5.6639E-04
 1.7295E+01 5.4865E-04
 1.8129E+01 5.3077E-04
 1.8963E+01 5.1262E-04
 1.9797E+01 4.9434E-04
 2.0631E+01 4.7597E-04
 2.1465E+01 4.5760E-04
 2.2299E+01 4.3922E-04
 2.3133E+01 4.2098E-04
 2.3967E+01 4.0281E-04
 2.4800E+01 3.8487E-04
 2.5634E+01 3.6714E-04
 2.6468E+01 3.4967E-04
 2.7302E+01 3.3258E-04
 2.8136E+01 3.1581E-04
 2.8970E+01 2.9940E-04
 2.9804E+01 2.8341E-04
 3.0638E+01 2.6787E-04
 3.1472E+01 2.5282E-04
 3.2305E+01 2.3820E-04
 3.3139E+01 2.2407E-04
 3.3973E+01 2.1049E-04
 3.4807E+01 1.9743E-04
 3.5641E+01 1.8488E-04
 3.6475E+01 1.7286E-04
 3.7309E+01 1.6136E-04
 3.8143E+01 1.5041E-04
 3.8977E+01 1.3997E-04
 3.9810E+01 1.3005E-04
 4.0644E+01 1.2067E-04
 4.1478E+01 1.1179E-04
 4.2312E+01 1.0340E-04
 4.3146E+01 9.5483E-05
 4.3980E+01 8.8047E-05
 4.4814E+01 8.1054E-05
 4.5648E+01 7.4515E-05
 4.6482E+01 6.8384E-05
 4.7315E+01 6.2668E-05
 4.8149E+01 5.7345E-05
 4.8983E+01 5.2393E-05
 4.9817E+01 4.7786E-05
 5.0651E+01 4.3519E-05
 5.1485E+01 3.9577E-05
 5.2319E+01 3.5933E-05
 5.3153E+01 3.2569E-05
 5.3987E+01 2.9485E-05
 5.4820E+01 2.6646E-05
 5.5654E+01 2.4044E-05
 5.6488E+01 2.1662E-05
 5.7322E+01 1.9484E-05
 5.8156E+01 1.7502E-05
 5.8990E+01 1.5695E-05
 5.9824E+01 1.4052E-05
 6.0658E+01 1.2563E-05
 6.1492E+01 1.1214E-05
 6.2325E+01 9.9934E-06
 6.3159E+01 8.8935E-06
 6.3993E+01 7.9022E-06
 6.4827E+01 7.0105E-06
 6.5661E+01 6.2095E-06
 6.6495E+01 5.4920E-06
 6.7329E+01 4.8497E-06
 6.8163E+01 4.2758E-06
 6.8997E+01 3.7638E-06
 6.9830E+01 3.3085E-06
 7.0664E+01 2.9032E-06
 7.1498E+01 2.5438E-06
 7.2332E+01 2.2256E-06
 7.3166E+01 1.9441E-06
 7.4000E+01 1.6956E-06
 7.4834E+01 1.4765E-06
 7.5668E+01 1.2839E-06
 7.6502E+01 1.1146E-06
 7.7335E+01 9.6618E-07
 7.8169E+01 8.3623E-07
 7.9003E+01 7.2259E-07
 7.9837E+01 6.2338E-07
 8.0671E+01 5.3703E-07
 8.1505E+01 4.6193E-07
 8.2339E+01 3.9673E-07
 8.3173E+01 3.4018E-07
 8.4007E+01 2.9127E-07
 8.4840E+01 2.4895E-07
 8.5674E+01 2.1252E-07
 8.6508E+01 1.8110E-07
 8.7342E+01 1.5410E-07
 8.8176E+01 1.3092E-07
 8.9010E+01 1.1105E-07
 8.9844E+01 9.4050E-08
 9.0678E+01 7.9534E-08
 9.1512E+01 6.7151E-08
 9.2345E+01 5.6611E-08
 9.3179E+01 4.7643E-08
 9.4013E+01 4.0050E-08
 9.4847E+01 3.3602E-08
 9.5681E+01 2.8154E-08
 9.6515E+01 2.3553E-08
 9.7349E+01 1.9672E-08
 9.8183E+01 1.6404E-08
 9.9017E+01 1.3659E-08
 9.9851E+01 1.1357E-08
 1.0068E+02 9.4280E-09
 1.0152E+02 7.8135E-09
 1.0235E+02 6.4660E-09
 1.0319E+02 5.3427E-09
 1.0402E+02 4.4081E-09
 1.0485E+02 3.6306E-09
 1.0569E+02 2.9858E-09
 1.0652E+02 2.4520E-09
 1.0736E+02 2.0103E-09
 1.0819E+02 1.6459E-09
 1.0902E+02 1.3452E-09
 1.0986E+02 1.0979E-09
 1.1069E+02 8.9460E-10
 1.1152E+02 7.2780E-10
 1.1236E+02 5.9121E-10
 1.1319E+02 4.7952E-10
 1.1403E+02 3.8833E-10
 1.1486E+02 3.1400E-10
 1.1569E+02 2.5352E-10
 1.1653E+02 2.0435E-10
 1.1736E+02 1.6447E-10
 1.1820E+02 1.3216E-10
 1.1903E+02 1.0605E-10
 1.1986E+02 8.4956E-11
 1.2070E+02 6.7954E-11
 1.2153E+02 5.4268E-11
 1.2237E+02 4.3276E-11
 1.2320E+02 3.4457E-11
 1.2403E+02 2.7389E-11
 1.2487E+02 2.1740E-11
 1.2570E+02 1.7228E-11
 1.2653E+02 1.3633E-11
 1.2737E+02 1.0771E-11
 1.2820E+02 8.4963E-12
 1.2904E+02 6.6917E-12
 1.2987E+02 5.2625E-12
 1.3070E+02 4.1314E-12
 1.3154E+02 3.2392E-12
 1.3237E+02 2.5357E-12
 1.3321E+02 1.9816E-12
 1.3404E+02 1.5465E-12
 1.3487E+02 1.2048E-12
 1.3571E+02 9.3732E-13
 1.3654E+02 7.2801E-13
 1.3738E+02 5.6462E-13
 1.3821E+02 4.3720E-13
 1.3904E+02 3.3804E-13
 1.3988E+02 2.6093E-13
 1.4071E+02 2.0111E-13
 1.4154E+02 1.5478E-13
 1.4238E+02 1.1892E-13
 1.4321E+02 9.1232E-14
 1.4405E+02 6.9891E-14
 1.4488E+02 5.3455E-14
 1.4571E+02 4.0818E-14
 1.4655E+02 3.1126E-14
 1.4738E+02 2.3695E-14
 1.4822E+02 1.8010E-14
 1.4905E+02 1.3669E-14
 1.4988E+02 1.0357E-14
 1.5072E+02 7.8372E-15
 1.5155E+02 5.9201E-15
 1.5239E+02 4.4653E-15
 1.5322E+02 3.3630E-15
 1.5405E+02 2.5286E-15
 1.5489E+02 1.8985E-15
 1.5572E+02 1.4229E-15
 1.5655E+02 1.0652E-15
 1.5739E+02 7.9600E-16
 1.5822E+02 5.9387E-16
 1.5906E+02 4.4247E-16
 1.5989E+02 3.2913E-16
 1.6072E+02 2.4446E-16
 1.6156E+02 1.8128E-16
 1.6239E+02 1.3420E-16
 1.6323E+02 9.9221E-17
 1.6406E+02 7.3235E-17
 1.6489E+02 5.3968E-17
 1.6573E+02 3.9710E-17
 1.6656E+02 2.9181E-17
