-1.6616E+02 4.1030E-17
-1.6533E+02 5.5765E-17
-1.6449E+02 7.5658E-17
-1.6366E+02 1.0251E-16
-1.6282E+02 1.3865E-16
-1.6199E+02 1.8726E-16
-1.6116E+02 2.5252E-16
-1.6032E+02 3.4003E-16
-1.5949E+02 4.5712E-16
-1.5866E+02 6.1360E-16
-1.5782E+02 8.2234E-16
-1.5699E+02 1.1003E-15
-1.5615E+02 1.4703E-15
-1.5532E+02 1.9611E-15
-1.5449E+02 2.6121E-15
-1.5365E+02 3.4740E-15
-1.5282E+02 4.6134E-15
-1.5198E+02 6.1157E-15
-1.5115E+02 8.0961E-15
-1.5032E+02 1.0700E-14
-1.4948E+02 1.4122E-14
-1.4865E+02 1.8605E-14
-1.4781E+02 2.4476E-14
-1.4698E+02 3.2149E-14
-1.4615E+02 4.2169E-14
-1.4531E+02 5.5223E-14
-1.4448E+02 7.2193E-14
-1.4365E+02 9.4253E-14
-1.4281E+02 1.2287E-13
-1.4198E+02 1.5988E-13
-1.4114E+02 2.0775E-13
-1.4031E+02 2.6957E-13
-1.3948E+02 3.4918E-13
-1.3864E+02 4.5163E-13
-1.3781E+02 5.8320E-13
-1.3697E+02 7.5205E-13
-1.3614E+02 9.6827E-13
-1.3531E+02 1.2446E-12
-1.3447E+02 1.5974E-12
-1.3364E+02 2.0470E-12
-1.3280E+02 2.6190E-12
-1.3197E+02 3.3459E-12
-1.3114E+02 4.2677E-12
-1.3030E+02 5.4357E-12
-1.2947E+02 6.9118E-12
-1.2864E+02 8.7755E-12
-1.2780E+02 1.1124E-11
-1.2697E+02 1.4081E-11
-1.2613E+02 1.7796E-11
-1.2530E+02 2.2455E-11
-1.2447E+02 2.8291E-11
-1.2363E+02 3.5587E-11
-1.2280E+02 4.4696E-11
-1.2196E+02 5.6052E-11
-1.2113E+02 7.0186E-11
-1.2030E+02 8.7743E-11
-1.1946E+02 1.0952E-10
-1.1863E+02 1.3650E-10
-1.1779E+02 1.6987E-10
-1.1696E+02 2.1106E-10
-1.1613E+02 2.6184E-10
-1.1529E+02 3.2433E-10
-1.1446E+02 4.0105E-10
-1.1363E+02 4.9527E-10
-1.1279E+02 6.1058E-10
-1.1196E+02 7.5171E-10
-1.1112E+02 9.2388E-10
-1.1029E+02 1.1338E-09
-1.0946E+02 1.3894E-09
-1.0862E+02 1.6995E-09
-1.0779E+02 2.0764E-09
-1.0695E+02 2.5327E-09
-1.0612E+02 3.0837E-09
-1.0529E+02 3.7496E-09
-1.0445E+02 4.5521E-09
-1.0362E+02 5.5177E-09
-1.0278E+02 6.6776E-09
-1.0195E+02 8.0688E-09
-1.0112E+02 9.7359E-09
-1.0028E+02 1.1729E-08
-9.9449E+01 1.4105E-08
-9.8615E+01 1.6942E-08
-9.7781E+01 2.0314E-08
-9.6947E+01 2.4323E-08
-9.6114E+01 2.9075E-08
-9.5280E+01 3.4700E-08
-9.4446E+01 4.1352E-08
-9.3612E+01 4.9209E-08
-9.2778E+01 5.8455E-08
-9.1944E+01 6.9344E-08
-9.1110E+01 8.2120E-08
-9.0276E+01 9.7116E-08
-8.9442E+01 1.1468E-07
-8.8608E+01 1.3518E-07
-8.7775E+01 1.5911E-07
-8.6941E+01 1.8699E-07
-8.6107E+01 2.1943E-07
-8.5273E+01 2.5708E-07
-8.4439E+01 3.0073E-07
-8.3605E+01 3.5128E-07
-8.2771E+01 4.0962E-07
-8.1937E+01 4.7694E-07
-8.1103E+01 5.5455E-07
-8.0270E+01 6.4380E-07
-7.9436E+01 7.4606E-07
-7.8602E+01 8.6343E-07
-7.7768E+01 9.9761E-07
-7.6934E+01 1.1509E-06
-7.6100E+01 1.3258E-06
-7.5266E+01 1.5246E-06
-7.4432E+01 1.7510E-06
-7.3598E+01 2.0072E-06
-7.2765E+01 2.2978E-06
-7.1931E+01 2.6266E-06
-7.1097E+01 2.9976E-06
-7.0263E+01 3.4159E-06
-6.9429E+01 3.8859E-06
-6.8595E+01 4.4145E-06
-6.7761E+01 5.0070E-06
-6.6927E+01 5.6696E-06
-6.6093E+01 6.4112E-06
-6.5260E+01 7.2378E-06
-6.4426E+01 8.1593E-06
-6.3592E+01 9.1821E-06
-6.2758E+01 1.0319E-05
-6.1924E+01 1.1578E-05
-6.1090E+01 1.2971E-05
-6.0256E+01 1.4509E-05
-5.9422E+01 1.6203E-05
-5.8588E+01 1.8068E-05
-5.7755E+01 2.0116E-05
-5.6921E+01 2.2363E-05
-5.6087E+01 2.4822E-05
-5.5253E+01 2.7507E-05
-5.4419E+01 3.0437E-05
-5.3585E+01 3.3627E-05
-5.2751E+01 3.7092E-05
-5.1917E+01 4.0852E-05
-5.1083E+01 4.4928E-05
-5.0250E+01 4.9330E-05
-4.9416E+01 5.4086E-05
-4.8582E+01 5.9198E-05
-4.7748E+01 6.4701E-05
-4.6914E+01 7.0601E-05
-4.6080E+01 7.6926E-05
-4.5246E+01 8.3679E-05
-4.4412E+01 9.0897E-05
-4.3578E+01 9.8577E-05
-4.2745E+01 1.0674E-04
-4.1911E+01 1.1540E-04
-4.1077E+01 1.2459E-04
-4.0243E+01 1.3427E-04
-3.9409E+01 1.4450E-04
-3.8575E+01 1.5525E-04
-3.7741E+01 1.6656E-04
-3.6907E+01 1.7842E-04
-3.6073E+01 1.9082E-04
-3.5240E+01 2.0377E-04
-3.4406E+01 2.1728E-04
-3.3572E+01 2.3131E-04
-3.2738E+01 2.4585E-04
-3.1904E+01 2.6090E-04
-3.1070E+01 2.7648E-04
-3.0236E+01 2.9251E-04
-2.9402E+01 3.0904E-04
-2.8568E+01 3.2598E-04
-2.7735E+01 3.4328E-04
-2.6901E+01 3.6094E-04
-2.6067E+01 3.7897E-04
-2.5233E+01 3.9724E-04
-2.4399E+01 4.1578E-04
-2.3565E+01 4.3452E-04
-2.2731E+01 4.5337E-04
-2.1897E+01 4.7227E-04
-2.1063E+01 4.9128E-04
-2.0230E+01 5.1028E-04
-1.9396E+01 5.2909E-04
-1.8562E+01 5.4779E-04
-1.7728E+01 5.6630E-04
-1.6894E+01 5.8454E-04
-1.6060E+01 6.0242E-04
-1.5226E+01 6.1992E-04
-1.4392E+01 6.3688E-04
-1.3558E+01 6.5329E-04
-1.2725E+01 6.6912E-04
-1.1891E+01 6.8426E-04
-1.1057E+01 6.9871E-04
-1.0223E+01 7.1234E-04
-9.3890E+00 7.2516E-04
-8.5551E+00 7.3704E-04
-7.7212E+00 7.4784E-04
-6.8873E+00 7.5776E-04
-6.0534E+00 7.6667E-04
-5.2196E+00 7.7444E-04
-4.3857E+00 7.8097E-04
-3.5518E+00 7.8651E-04
-2.7179E+00 7.9064E-04
-1.8840E+00 7.9367E-04
-1.0501E+00 7.9556E-04
-2.1622E-01 7.9615E-04
 6.1766E-01 7.9554E-04
 1.4516E+00 7.9365E-04
 2.2854E+00 7.9060E-04
 3.1193E+00 7.8647E-04
 3.9532E+00 7.8098E-04
 4.7871E+00 7.7440E-04
 5.6210E+00 7.6662E-04
 6.4549E+00 7.5777E-04
 7.2888E+00 7.4785E-04
 8.1227E+00 7.3699E-04
 8.9566E+00 7.2515E-04
 9.7904E+00 7.1229E-04
 1.0624E+01 6.9869E-04
 1.1458E+01 6.8422E-04
 1.2292E+01 6.6910E-04
 1.3126E+01 6.5327E-04
 1.3960E+01 6.3678E-04
 1.4794E+01 6.1987E-04
 1.5628E+01 6.0237E-04
 1.6462E+01 5.8449E-04
 1.7295E+01 5.6624E-04
 1.8129E+01 5.4771E-04
 1.8963E+01 5.2897E-04
 1.9797E+01 5.1015E-04
 2.0631E+01 4.9122E-04
 2.1465E+01 4.7219E-04
 2.2299E+01 4.5330E-04
 2.3133E+01 4.3441E-04
 2.3967E+01 4.1572E-04
 2.4800E+01 3.9719E-04
 2.5634E+01 3.7893E-04
 2.6468E+01 3.6084E-04
 2.7302E+01 3.4322E-04
 2.8136E+01 3.2590E-04
 2.8970E+01 3.0896E-04
 2.9804E+01 2.9247E-04
 3.0638E+01 2.7646E-04
 3.1472E+01 2.6088E-04
 3.2305E+01 2.4581E-04
 3.3139E+01 2.3124E-04
 3.3973E+01 2.1722E-04
 3.4807E+01 2.0373E-04
 3.5641E+01 1.9079E-04
 3.6475E+01 1.7837E-04
 3.7309E+01 1.6650E-04
 3.8143E+01 1.5521E-04
 3.8977E+01 1.4445E-04
 3.9810E+01 1.3425E-04
 4.0644E+01 1.2454E-04
 4.1478E+01 1.1537E-04
 4.2312E+01 1.0671E-04
 4.3146E+01 9.8541E-05
 4.3980E+01 9.0871E-05
 4.4814E+01 8.3654E-05
 4.5648E+01 7.6898E-05
 4.6482E+01 7.0577E-05
 4.7315E+01 6.4679E-05
 4.8149E+01 5.9182E-05
 4.8983E+01 5.4066E-05
 4.9817E+01 4.9309E-05
 5.0651E+01 4.4916E-05
 5.1485E+01 4.0839E-05
 5.2319E+01 3.7083E-05
 5.3153E+01 3.3615E-05
 5.3987E+01 3.0425E-05
 5.4820E+01 2.7498E-05
 5.5654E+01 2.4812E-05
 5.6488E+01 2.2356E-05
 5.7322E+01 2.0108E-05
 5.8156E+01 1.8062E-05
 5.8990E+01 1.6197E-05
 5.9824E+01 1.4503E-05
 6.0658E+01 1.2966E-05
 6.1492E+01 1.1573E-05
 6.2325E+01 1.0315E-05
 6.3159E+01 9.1787E-06
 6.3993E+01 8.1556E-06
 6.4827E+01 7.2350E-06
 6.5661E+01 6.4084E-06
 6.6495E+01 5.6682E-06
 6.7329E+01 5.0045E-06
 6.8163E+01 4.4126E-06
 6.8997E+01 3.8844E-06
 6.9830E+01 3.4139E-06
 7.0664E+01 2.9963E-06
 7.1498E+01 2.6254E-06
 7.2332E+01 2.2969E-06
 7.3166E+01 2.0063E-06
 7.4000E+01 1.7500E-06
 7.4834E+01 1.5239E-06
 7.5668E+01 1.3251E-06
 7.6502E+01 1.1502E-06
 7.7335E+01 9.9706E-07
 7.8169E+01 8.6292E-07
 7.9003E+01 7.4573E-07
 7.9837E+01 6.4339E-07
 8.0671E+01 5.5423E-07
 8.1505E+01 4.7674E-07
 8.2339E+01 4.0941E-07
 8.3173E+01 3.5106E-07
 8.4007E+01 3.0056E-07
 8.4840E+01 2.5693E-07
 8.5674E+01 2.1931E-07
 8.6508E+01 1.8691E-07
 8.7342E+01 1.5901E-07
 8.8176E+01 1.3509E-07
 8.9010E+01 1.1460E-07
 8.9844E+01 9.7053E-08
 9.0678E+01 8.2070E-08
 9.1512E+01 6.9298E-08
 9.2345E+01 5.8421E-08
 9.3179E+01 4.9175E-08
 9.4013E+01 4.1325E-08
 9.4847E+01 3.4679E-08
 9.5681E+01 2.9058E-08
 9.6515E+01 2.4306E-08
 9.7349E+01 2.0303E-08
 9.8183E+01 1.6930E-08
 9.9017E+01 1.4096E-08
 9.9851E+01 1.1721E-08
 1.0068E+02 9.7282E-09
 1.0152E+02 8.0635E-09
 1.0235E+02 6.6728E-09
 1.0319E+02 5.5133E-09
 1.0402E+02 4.5486E-09
 1.0485E+02 3.7468E-09
 1.0569E+02 3.0816E-09
 1.0652E+02 2.5304E-09
 1.0736E+02 2.0748E-09
 1.0819E+02 1.6985E-09
 1.0902E+02 1.3882E-09
 1.0986E+02 1.1330E-09
 1.1069E+02 9.2330E-10
 1.1152E+02 7.5111E-10
 1.1236E+02 6.1016E-10
 1.1319E+02 4.9489E-10
 1.1403E+02 4.0076E-10
 1.1486E+02 3.2406E-10
 1.1569E+02 2.6163E-10
 1.1653E+02 2.1091E-10
 1.1736E+02 1.6971E-10
 1.1820E+02 1.3640E-10
 1.1903E+02 1.0944E-10
 1.1986E+02 8.7677E-11
 1.2070E+02 7.0122E-11
 1.2153E+02 5.6002E-11
 1.2237E+02 4.4664E-11
 1.2320E+02 3.5558E-11
 1.2403E+02 2.8267E-11
 1.2487E+02 2.2435E-11
 1.2570E+02 1.7780E-11
 1.2653E+02 1.4070E-11
 1.2737E+02 1.1115E-11
 1.2820E+02 8.7680E-12
 1.2904E+02 6.9060E-12
 1.2987E+02 5.4306E-12
 1.3070E+02 4.2643E-12
 1.3154E+02 3.3430E-12
 1.3237E+02 2.6168E-12
 1.3321E+02 2.0452E-12
 1.3404E+02 1.5960E-12
 1.3487E+02 1.2434E-12
 1.3571E+02 9.6732E-13
 1.3654E+02 7.5139E-13
 1.3738E+02 5.8279E-13
 1.3821E+02 4.5122E-13
 1.3904E+02 3.4884E-13
 1.3988E+02 2.6931E-13
 1.4071E+02 2.0757E-13
 1.4154E+02 1.5974E-13
 1.4238E+02 1.2274E-13
 1.4321E+02 9.4153E-14
 1.4405E+02 7.2127E-14
 1.4488E+02 5.5166E-14
 1.4571E+02 4.2129E-14
 1.4655E+02 3.2122E-14
 1.4738E+02 2.4452E-14
 1.4822E+02 1.8586E-14
 1.4905E+02 1.4106E-14
 1.4988E+02 1.0690E-14
 1.5072E+02 8.0874E-15
 1.5155E+02 6.1098E-15
 1.5239E+02 4.6081E-15
 1.5322E+02 3.4706E-15
 1.5405E+02 2.6096E-15
 1.5489E+02 1.9592E-15
 1.5572E+02 1.4686E-15
 1.5655E+02 1.0992E-15
 1.5739E+02 8.2138E-16
 1.5822E+02 6.1291E-16
 1.5906E+02 4.5664E-16
 1.5989E+02 3.3966E-16
 1.6072E+02 2.5225E-16
 1.6156E+02 1.8706E-16
 1.6239E+02 1.3851E-16
 1.6323E+02 1.0239E-16
 1.6406E+02 7.5574E-17
 1.6489E+02 5.5703E-17
 1.6573E+02 4.0984E-17
 1.6656E+02 3.0112E-17
