-1.6616E+02 4.0596E-17
-1.6533E+02 5.5179E-17
-1.6449E+02 7.4865E-17
-1.6366E+02 1.0143E-16
-1.6282E+02 1.3720E-16
-1.6199E+02 1.8532E-16
-1.6116E+02 2.4989E-16
-1.6032E+02 3.3646E-16
-1.5949E+02 4.5230E-16
-1.5866E+02 6.0715E-16
-1.5782E+02 8.1377E-16
-1.5699E+02 1.0889E-15
-1.5615E+02 1.4549E-15
-1.5532E+02 1.9406E-15
-1.5449E+02 2.5848E-15
-1.5365E+02 3.4378E-15
-1.5282E+02 4.5649E-15
-1.5198E+02 6.0523E-15
-1.5115E+02 8.0113E-15
-1.5032E+02 1.0588E-14
-1.4948E+02 1.3973E-14
-1.4865E+02 1.8412E-14
-1.4781E+02 2.4223E-14
-1.4698E+02 3.1817E-14
-1.4615E+02 4.1728E-14
-1.4531E+02 5.4638E-14
-1.4448E+02 7.1443E-14
-1.4365E+02 9.3270E-14
-1.4281E+02 1.2157E-13
-1.4198E+02 1.5820E-13
-1.4114E+02 2.0558E-13
-1.4031E+02 2.6674E-13
-1.3948E+02 3.4554E-13
-1.3864E+02 4.4690E-13
-1.3781E+02 5.7713E-13
-1.3697E+02 7.4424E-13
-1.3614E+02 9.5813E-13
-1.3531E+02 1.2316E-12
-1.3447E+02 1.5807E-12
-1.3364E+02 2.0255E-12
-1.3280E+02 2.5915E-12
-1.3197E+02 3.3107E-12
-1.3114E+02 4.2230E-12
-1.3030E+02 5.3788E-12
-1.2947E+02 6.8395E-12
-1.2864E+02 8.6836E-12
-1.2780E+02 1.1009E-11
-1.2697E+02 1.3933E-11
-1.2613E+02 1.7609E-11
-1.2530E+02 2.2219E-11
-1.2447E+02 2.7992E-11
-1.2363E+02 3.5213E-11
-1.2280E+02 4.4226E-11
-1.2196E+02 5.5466E-11
-1.2113E+02 6.9448E-11
-1.2030E+02 8.6821E-11
-1.1946E+02 1.0838E-10
-1.1863E+02 1.3507E-10
-1.1779E+02 1.6811E-10
-1.1696E+02 2.0884E-10
-1.1613E+02 2.5913E-10
-1.1529E+02 3.2091E-10
-1.1446E+02 3.9690E-10
-1.1363E+02 4.9008E-10
-1.1279E+02 6.0419E-10
-1.1196E+02 7.4385E-10
-1.1112E+02 9.1424E-10
-1.1029E+02 1.1219E-09
-1.0946E+02 1.3747E-09
-1.0862E+02 1.6818E-09
-1.0779E+02 2.0546E-09
-1.0695E+02 2.5060E-09
-1.0612E+02 3.0517E-09
-1.0529E+02 3.7101E-09
-1.0445E+02 4.5041E-09
-1.0362E+02 5.4596E-09
-1.0278E+02 6.6078E-09
-1.0195E+02 7.9847E-09
-1.0112E+02 9.6347E-09
-1.0028E+02 1.1606E-08
-9.9449E+01 1.3960E-08
-9.8615E+01 1.6764E-08
-9.7781E+01 2.0101E-08
-9.6947E+01 2.4068E-08
-9.6114E+01 2.8772E-08
-9.5280E+01 3.4335E-08
-9.4446E+01 4.0920E-08
-9.3612E+01 4.8698E-08
-9.2778E+01 5.7844E-08
-9.1944E+01 6.8615E-08
-9.1110E+01 8.1258E-08
-9.0276E+01 9.6097E-08
-8.9442E+01 1.1347E-07
-8.8608E+01 1.3376E-07
-8.7775E+01 1.5744E-07
-8.6941E+01 1.8503E-07
-8.6107E+01 2.1712E-07
-8.5273E+01 2.5437E-07
-8.4439E+01 2.9759E-07
-8.3605E+01 3.4760E-07
-8.2771E+01 4.0535E-07
-8.1937E+01 4.7199E-07
-8.1103E+01 5.4872E-07
-8.0270E+01 6.3698E-07
-7.9436E+01 7.3821E-07
-7.8602E+01 8.5436E-07
-7.7768E+01 9.8717E-07
-7.6934E+01 1.1387E-06
-7.6100E+01 1.3119E-06
-7.5266E+01 1.5087E-06
-7.4432E+01 1.7325E-06
-7.3598E+01 1.9867E-06
-7.2765E+01 2.2738E-06
-7.1931E+01 2.5990E-06
-7.1097E+01 2.9658E-06
-7.0263E+01 3.3802E-06
-6.9429E+01 3.8452E-06
-6.8595E+01 4.3685E-06
-6.7761E+01 4.9547E-06
-6.6927E+01 5.6106E-06
-6.6093E+01 6.3439E-06
-6.5260E+01 7.1618E-06
-6.4426E+01 8.0737E-06
-6.3592E+01 9.0864E-06
-6.2758E+01 1.0211E-05
-6.1924E+01 1.1457E-05
-6.1090E+01 1.2835E-05
-6.0256E+01 1.4356E-05
-5.9422E+01 1.6033E-05
-5.8588E+01 1.7878E-05
-5.7755E+01 1.9905E-05
-5.6921E+01 2.2128E-05
-5.6087E+01 2.4562E-05
-5.5253E+01 2.7219E-05
-5.4419E+01 3.0118E-05
-5.3585E+01 3.3274E-05
-5.2751E+01 3.6702E-05
-5.1917E+01 4.0425E-05
-5.1083E+01 4.4455E-05
-5.0250E+01 4.8819E-05
-4.9416E+01 5.3516E-05
-4.8582E+01 5.8574E-05
-4.7748E+01 6.4016E-05
-4.6914E+01 6.9863E-05
-4.6080E+01 7.6115E-05
-4.5246E+01 8.2803E-05
-4.4412E+01 8.9945E-05
-4.3578E+01 9.7537E-05
-4.2745E+01 1.0561E-04
-4.1911E+01 1.1420E-04
-4.1077E+01 1.2327E-04
-4.0243E+01 1.3286E-04
-3.9409E+01 1.4298E-04
-3.8575E+01 1.5364E-04
-3.7741E+01 1.6482E-04
-3.6907E+01 1.7656E-04
-3.6073E+01 1.8883E-04
-3.5240E+01 2.0164E-04
-3.4406E+01 2.1500E-04
-3.3572E+01 2.2889E-04
-3.2738E+01 2.4325E-04
-3.1904E+01 2.5823E-04
-3.1070E+01 2.7359E-04
-3.0236E+01 2.8948E-04
-2.9402E+01 3.0577E-04
-2.8568E+01 3.2256E-04
-2.7735E+01 3.3970E-04
-2.6901E+01 3.5716E-04
-2.6067E+01 3.7500E-04
-2.5233E+01 3.9312E-04
-2.4399E+01 4.1140E-04
-2.3565E+01 4.2995E-04
-2.2731E+01 4.4864E-04
-2.1897E+01 4.6734E-04
-2.1063E+01 4.8612E-04
-2.0230E+01 5.0490E-04
-1.9396E+01 5.2353E-04
-1.8562E+01 5.4209E-04
-1.7728E+01 5.6037E-04
-1.6894E+01 5.7846E-04
-1.6060E+01 5.9612E-04
-1.5226E+01 6.1345E-04
-1.4392E+01 6.3026E-04
-1.3558E+01 6.4647E-04
-1.2725E+01 6.6214E-04
-1.1891E+01 6.7714E-04
-1.1057E+01 6.9146E-04
-1.0223E+01 7.0499E-04
-9.3890E+00 7.1763E-04
-8.5551E+00 7.2933E-04
-7.7212E+00 7.4005E-04
-6.8873E+00 7.4990E-04
-6.0534E+00 7.5853E-04
-5.2196E+00 7.6630E-04
-4.3857E+00 7.7271E-04
-3.5518E+00 7.7821E-04
-2.7179E+00 7.8242E-04
-1.8840E+00 7.8545E-04
-1.0501E+00 7.8730E-04
-2.1622E-01 7.8788E-04
 6.1766E-01 7.8729E-04
 1.4516E+00 7.8545E-04
 2.2854E+00 7.8238E-04
 3.1193E+00 7.7824E-04
 3.9532E+00 7.7272E-04
 4.7871E+00 7.6624E-04
 5.6210E+00 7.5857E-04
 6.4549E+00 7.4988E-04
 7.2888E+00 7.4003E-04
 8.1227E+00 7.2928E-04
 8.9566E+00 7.1756E-04
 9.7904E+00 7.0495E-04
 1.0624E+01 6.9142E-04
 1.1458E+01 6.7707E-04
 1.2292E+01 6.6204E-04
 1.3126E+01 6.4641E-04
 1.3960E+01 6.3015E-04
 1.4794E+01 6.1339E-04
 1.5628E+01 5.9605E-04
 1.6462E+01 5.7836E-04
 1.7295E+01 5.6026E-04
 1.8129E+01 5.4204E-04
 1.8963E+01 5.2349E-04
 1.9797E+01 5.0486E-04
 2.0631E+01 4.8605E-04
 2.1465E+01 4.6728E-04
 2.2299E+01 4.4856E-04
 2.3133E+01 4.2988E-04
 2.3967E+01 4.1135E-04
 2.4800E+01 3.9306E-04
 2.5634E+01 3.7493E-04
 2.6468E+01 3.5708E-04
 2.7302E+01 3.3963E-04
 2.8136E+01 3.2248E-04
 2.8970E+01 3.0572E-04
 2.9804E+01 2.8942E-04
 3.0638E+01 2.7352E-04
 3.1472E+01 2.5816E-04
 3.2305E+01 2.4322E-04
 3.3139E+01 2.2884E-04
 3.3973E+01 2.1497E-04
 3.4807E+01 2.0157E-04
 3.5641E+01 1.8878E-04
 3.6475E+01 1.7651E-04
 3.7309E+01 1.6476E-04
 3.8143E+01 1.5360E-04
 3.8977E+01 1.4295E-04
 3.9810E+01 1.3283E-04
 4.0644E+01 1.2323E-04
 4.1478E+01 1.1416E-04
 4.2312E+01 1.0559E-04
 4.3146E+01 9.7507E-05
 4.3980E+01 8.9914E-05
 4.4814E+01 8.2775E-05
 4.5648E+01 7.6094E-05
 4.6482E+01 6.9841E-05
 4.7315E+01 6.3992E-05
 4.8149E+01 5.8553E-05
 4.8983E+01 5.3499E-05
 4.9817E+01 4.8798E-05
 5.0651E+01 4.4440E-05
 5.1485E+01 4.0412E-05
 5.2319E+01 3.6694E-05
 5.3153E+01 3.3263E-05
 5.3987E+01 3.0109E-05
 5.4820E+01 2.7209E-05
 5.5654E+01 2.4553E-05
 5.6488E+01 2.2120E-05
 5.7322E+01 1.9899E-05
 5.8156E+01 1.7871E-05
 5.8990E+01 1.6026E-05
 5.9824E+01 1.4351E-05
 6.0658E+01 1.2830E-05
 6.1492E+01 1.1452E-05
 6.2325E+01 1.0206E-05
 6.3159E+01 9.0823E-06
 6.3993E+01 8.0700E-06
 6.4827E+01 7.1584E-06
 6.5661E+01 6.3410E-06
 6.6495E+01 5.6083E-06
 6.7329E+01 4.9521E-06
 6.8163E+01 4.3666E-06
 6.8997E+01 3.8439E-06
 6.9830E+01 3.3782E-06
 7.0664E+01 2.9646E-06
 7.1498E+01 2.5978E-06
 7.2332E+01 2.2728E-06
 7.3166E+01 1.9852E-06
 7.4000E+01 1.7317E-06
 7.4834E+01 1.5079E-06
 7.5668E+01 1.3111E-06
 7.6502E+01 1.1382E-06
 7.7335E+01 9.8662E-07
 7.8169E+01 8.5384E-07
 7.9003E+01 7.3788E-07
 7.9837E+01 6.3663E-07
 8.0671E+01 5.4846E-07
 8.1505E+01 4.7174E-07
 8.2339E+01 4.0514E-07
 8.3173E+01 3.4737E-07
 8.4007E+01 2.9740E-07
 8.4840E+01 2.5423E-07
 8.5674E+01 2.1699E-07
 8.6508E+01 1.8492E-07
 8.7342E+01 1.5735E-07
 8.8176E+01 1.3369E-07
 8.9010E+01 1.1339E-07
 8.9844E+01 9.6042E-08
 9.0678E+01 8.1209E-08
 9.1512E+01 6.8572E-08
 9.2345E+01 5.7811E-08
 9.3179E+01 4.8661E-08
 9.4013E+01 4.0896E-08
 9.4847E+01 3.4315E-08
 9.5681E+01 2.8750E-08
 9.6515E+01 2.4052E-08
 9.7349E+01 2.0088E-08
 9.8183E+01 1.6755E-08
 9.9017E+01 1.3950E-08
 9.9851E+01 1.1597E-08
 1.0068E+02 9.6265E-09
 1.0152E+02 7.9790E-09
 1.0235E+02 6.6030E-09
 1.0319E+02 5.4563E-09
 1.0402E+02 4.5009E-09
 1.0485E+02 3.7076E-09
 1.0569E+02 3.0494E-09
 1.0652E+02 2.5040E-09
 1.0736E+02 2.0529E-09
 1.0819E+02 1.6806E-09
 1.0902E+02 1.3737E-09
 1.0986E+02 1.1212E-09
 1.1069E+02 9.1363E-10
 1.1152E+02 7.4329E-10
 1.1236E+02 6.0374E-10
 1.1319E+02 4.8977E-10
 1.1403E+02 3.9658E-10
 1.1486E+02 3.2064E-10
 1.1569E+02 2.5888E-10
 1.1653E+02 2.0868E-10
 1.1736E+02 1.6795E-10
 1.1820E+02 1.3497E-10
 1.1903E+02 1.0830E-10
 1.1986E+02 8.6756E-11
 1.2070E+02 6.9391E-11
 1.2153E+02 5.5420E-11
 1.2237E+02 4.4191E-11
 1.2320E+02 3.5186E-11
 1.2403E+02 2.7971E-11
 1.2487E+02 2.2201E-11
 1.2570E+02 1.7595E-11
 1.2653E+02 1.3921E-11
 1.2737E+02 1.0998E-11
 1.2820E+02 8.6760E-12
 1.2904E+02 6.8339E-12
 1.2987E+02 5.3740E-12
 1.3070E+02 4.2196E-12
 1.3154E+02 3.3081E-12
 1.3237E+02 2.5893E-12
 1.3321E+02 2.0237E-12
 1.3404E+02 1.5793E-12
 1.3487E+02 1.2304E-12
 1.3571E+02 9.5729E-13
 1.3654E+02 7.4349E-13
 1.3738E+02 5.7664E-13
 1.3821E+02 4.4646E-13
 1.3904E+02 3.4519E-13
 1.3988E+02 2.6648E-13
 1.4071E+02 2.0540E-13
 1.4154E+02 1.5806E-13
 1.4238E+02 1.2145E-13
 1.4321E+02 9.3172E-14
 1.4405E+02 7.1376E-14
 1.4488E+02 5.4584E-14
 1.4571E+02 4.1685E-14
 1.4655E+02 3.1784E-14
 1.4738E+02 2.4198E-14
 1.4822E+02 1.8392E-14
 1.4905E+02 1.3960E-14
 1.4988E+02 1.0578E-14
 1.5072E+02 8.0027E-15
 1.5155E+02 6.0455E-15
 1.5239E+02 4.5596E-15
 1.5322E+02 3.4343E-15
 1.5405E+02 2.5820E-15
 1.5489E+02 1.9385E-15
 1.5572E+02 1.4532E-15
 1.5655E+02 1.0877E-15
 1.5739E+02 8.1292E-16
 1.5822E+02 6.0653E-16
 1.5906E+02 4.5187E-16
 1.5989E+02 3.3610E-16
 1.6072E+02 2.4961E-16
 1.6156E+02 1.8512E-16
 1.6239E+02 1.3705E-16
 1.6323E+02 1.0132E-16
 1.6406E+02 7.4783E-17
 1.6489E+02 5.5119E-17
 1.6573E+02 4.0557E-17
 1.6656E+02 2.9796E-17
