-1.6616E+02 4.2813E-17
-1.6533E+02 5.8175E-17
-1.6449E+02 7.8938E-17
-1.6366E+02 1.0694E-16
-1.6282E+02 1.4466E-16
-1.6199E+02 1.9538E-16
-1.6116E+02 2.6349E-16
-1.6032E+02 3.5476E-16
-1.5949E+02 4.7694E-16
-1.5866E+02 6.4012E-16
-1.5782E+02 8.5791E-16
-1.5699E+02 1.1480E-15
-1.5615E+02 1.5338E-15
-1.5532E+02 2.0460E-15
-1.5449E+02 2.7254E-15
-1.5365E+02 3.6243E-15
-1.5282E+02 4.8126E-15
-1.5198E+02 6.3805E-15
-1.5115E+02 8.4464E-15
-1.5032E+02 1.1164E-14
-1.4948E+02 1.4731E-14
-1.4865E+02 1.9411E-14
-1.4781E+02 2.5535E-14
-1.4698E+02 3.3544E-14
-1.4615E+02 4.3996E-14
-1.4531E+02 5.7620E-14
-1.4448E+02 7.5317E-14
-1.4365E+02 9.8334E-14
-1.4281E+02 1.2816E-13
-1.4198E+02 1.6681E-13
-1.4114E+02 2.1676E-13
-1.4031E+02 2.8122E-13
-1.3948E+02 3.6427E-13
-1.3864E+02 4.7119E-13
-1.3781E+02 6.0851E-13
-1.3697E+02 7.8458E-13
-1.3614E+02 1.0101E-12
-1.3531E+02 1.2984E-12
-1.3447E+02 1.6664E-12
-1.3364E+02 2.1357E-12
-1.3280E+02 2.7324E-12
-1.3197E+02 3.4908E-12
-1.3114E+02 4.4531E-12
-1.3030E+02 5.6711E-12
-1.2947E+02 7.2114E-12
-1.2864E+02 9.1558E-12
-1.2780E+02 1.1606E-11
-1.2697E+02 1.4692E-11
-1.2613E+02 1.8568E-11
-1.2530E+02 2.3427E-11
-1.2447E+02 2.9514E-11
-1.2363E+02 3.7128E-11
-1.2280E+02 4.6633E-11
-1.2196E+02 5.8480E-11
-1.2113E+02 7.3228E-11
-1.2030E+02 9.1552E-11
-1.1946E+02 1.1428E-10
-1.1863E+02 1.4243E-10
-1.1779E+02 1.7721E-10
-1.1696E+02 2.2020E-10
-1.1613E+02 2.7316E-10
-1.1529E+02 3.3837E-10
-1.1446E+02 4.1843E-10
-1.1363E+02 5.1674E-10
-1.1279E+02 6.3704E-10
-1.1196E+02 7.8420E-10
-1.1112E+02 9.6386E-10
-1.1029E+02 1.1829E-09
-1.0946E+02 1.4496E-09
-1.0862E+02 1.7732E-09
-1.0779E+02 2.1661E-09
-1.0695E+02 2.6420E-09
-1.0612E+02 3.2170E-09
-1.0529E+02 3.9118E-09
-1.0445E+02 4.7495E-09
-1.0362E+02 5.7565E-09
-1.0278E+02 6.9668E-09
-1.0195E+02 8.4183E-09
-1.0112E+02 1.0158E-08
-1.0028E+02 1.2237E-08
-9.9449E+01 1.4717E-08
-9.8615E+01 1.7675E-08
-9.7781E+01 2.1195E-08
-9.6947E+01 2.5377E-08
-9.6114E+01 3.0332E-08
-9.5280E+01 3.6201E-08
-9.4446E+01 4.3147E-08
-9.3612E+01 5.1333E-08
-9.2778E+01 6.0986E-08
-9.1944E+01 7.2340E-08
-9.1110E+01 8.5683E-08
-9.0276E+01 1.0132E-07
-8.9442E+01 1.1964E-07
-8.8608E+01 1.4102E-07
-8.7775E+01 1.6601E-07
-8.6941E+01 1.9511E-07
-8.6107E+01 2.2893E-07
-8.5273E+01 2.6822E-07
-8.4439E+01 3.1378E-07
-8.3605E+01 3.6649E-07
-8.2771E+01 4.2736E-07
-8.1937E+01 4.9766E-07
-8.1103E+01 5.7856E-07
-8.0270E+01 6.7160E-07
-7.9436E+01 7.7850E-07
-7.8602E+01 9.0072E-07
-7.7768E+01 1.0408E-06
-7.6934E+01 1.2008E-06
-7.6100E+01 1.3832E-06
-7.5266E+01 1.5908E-06
-7.4432E+01 1.8266E-06
-7.3598E+01 2.0943E-06
-7.2765E+01 2.3974E-06
-7.1931E+01 2.7402E-06
-7.1097E+01 3.1277E-06
-7.0263E+01 3.5636E-06
-6.9429E+01 4.0545E-06
-6.8595E+01 4.6057E-06
-6.7761E+01 5.2241E-06
-6.6927E+01 5.9159E-06
-6.6093E+01 6.6890E-06
-6.5260E+01 7.5512E-06
-6.4426E+01 8.5126E-06
-6.3592E+01 9.5802E-06
-6.2758E+01 1.0767E-05
-6.1924E+01 1.2079E-05
-6.1090E+01 1.3532E-05
-6.0256E+01 1.5137E-05
-5.9422E+01 1.6904E-05
-5.8588E+01 1.8850E-05
-5.7755E+01 2.0988E-05
-5.6921E+01 2.3331E-05
-5.6087E+01 2.5894E-05
-5.5253E+01 2.8698E-05
-5.4419E+01 3.1754E-05
-5.3585E+01 3.5084E-05
-5.2751E+01 3.8701E-05
-5.1917E+01 4.2627E-05
-5.1083E+01 4.6876E-05
-5.0250E+01 5.1467E-05
-4.9416E+01 5.6424E-05
-4.8582E+01 6.1764E-05
-4.7748E+01 6.7498E-05
-4.6914E+01 7.3653E-05
-4.6080E+01 8.0253E-05
-4.5246E+01 8.7308E-05
-4.4412E+01 9.4836E-05
-4.3578E+01 1.0285E-04
-4.2745E+01 1.1137E-04
-4.1911E+01 1.2040E-04
-4.1077E+01 1.2997E-04
-4.0243E+01 1.4009E-04
-3.9409E+01 1.5076E-04
-3.8575E+01 1.6199E-04
-3.7741E+01 1.7378E-04
-3.6907E+01 1.8612E-04
-3.6073E+01 1.9911E-04
-3.5240E+01 2.1259E-04
-3.4406E+01 2.2669E-04
-3.3572E+01 2.4132E-04
-3.2738E+01 2.5652E-04
-3.1904E+01 2.7225E-04
-3.1070E+01 2.8849E-04
-3.0236E+01 3.0520E-04
-2.9402E+01 3.2241E-04
-2.8568E+01 3.4007E-04
-2.7735E+01 3.5817E-04
-2.6901E+01 3.7660E-04
-2.6067E+01 3.9539E-04
-2.5233E+01 4.1444E-04
-2.4399E+01 4.3379E-04
-2.3565E+01 4.5329E-04
-2.2731E+01 4.7296E-04
-2.1897E+01 4.9272E-04
-2.1063E+01 5.1255E-04
-2.0230E+01 5.3234E-04
-1.9396E+01 5.5200E-04
-1.8562E+01 5.7154E-04
-1.7728E+01 5.9081E-04
-1.6894E+01 6.0986E-04
-1.6060E+01 6.2852E-04
-1.5226E+01 6.4679E-04
-1.4392E+01 6.6452E-04
-1.3558E+01 6.8163E-04
-1.2725E+01 6.9813E-04
-1.1891E+01 7.1393E-04
-1.1057E+01 7.2902E-04
-1.0223E+01 7.4320E-04
-9.3890E+00 7.5653E-04
-8.5551E+00 7.6894E-04
-7.7212E+00 7.8038E-04
-6.8873E+00 7.9060E-04
-6.0534E+00 7.9980E-04
-5.2196E+00 8.0788E-04
-4.3857E+00 8.1482E-04
-3.5518E+00 8.2042E-04
-2.7179E+00 8.2490E-04
-1.8840E+00 8.2820E-04
-1.0501E+00 8.3012E-04
-2.1622E-01 8.3077E-04
 6.1766E-01 8.3008E-04
 1.4516E+00 8.2819E-04
 2.2854E+00 8.2489E-04
 3.1193E+00 8.2041E-04
 3.9532E+00 8.1481E-04
 4.7871E+00 8.0785E-04
 5.6210E+00 7.9978E-04
 6.4549E+00 7.9056E-04
 7.2888E+00 7.8029E-04
 8.1227E+00 7.6888E-04
 8.9566E+00 7.5650E-04
 9.7904E+00 7.4312E-04
 1.0624E+01 7.2892E-04
 1.1458E+01 7.1387E-04
 1.2292E+01 6.9807E-04
 1.3126E+01 6.8157E-04
 1.3960E+01 6.6445E-04
 1.4794E+01 6.4677E-04
 1.5628E+01 6.2849E-04
 1.6462E+01 6.0980E-04
 1.7295E+01 5.9079E-04
 1.8129E+01 5.7147E-04
 1.8963E+01 5.5194E-04
 1.9797E+01 5.3231E-04
 2.0631E+01 5.1249E-04
 2.1465E+01 4.9267E-04
 2.2299E+01 4.7288E-04
 2.3133E+01 4.5323E-04
 2.3967E+01 4.3375E-04
 2.4800E+01 4.1438E-04
 2.5634E+01 3.9529E-04
 2.6468E+01 3.7653E-04
 2.7302E+01 3.5807E-04
 2.8136E+01 3.4002E-04
 2.8970E+01 3.2236E-04
 2.9804E+01 3.0513E-04
 3.0638E+01 2.8844E-04
 3.1472E+01 2.7218E-04
 3.2305E+01 2.5645E-04
 3.3139E+01 2.4126E-04
 3.3973E+01 2.2664E-04
 3.4807E+01 2.1254E-04
 3.5641E+01 1.9903E-04
 3.6475E+01 1.8608E-04
 3.7309E+01 1.7373E-04
 3.8143E+01 1.6195E-04
 3.8977E+01 1.5071E-04
 3.9810E+01 1.4006E-04
 4.0644E+01 1.2993E-04
 4.1478E+01 1.2035E-04
 4.2312E+01 1.1133E-04
 4.3146E+01 1.0281E-04
 4.3980E+01 9.4798E-05
 4.4814E+01 8.7272E-05
 4.5648E+01 8.0225E-05
 4.6482E+01 7.3635E-05
 4.7315E+01 6.7477E-05
 4.8149E+01 6.1744E-05
 4.8983E+01 5.6400E-05
 4.9817E+01 5.1447E-05
 5.0651E+01 4.6860E-05
 5.1485E+01 4.2609E-05
 5.2319E+01 3.8687E-05
 5.3153E+01 3.5070E-05
 5.3987E+01 3.1741E-05
 5.4820E+01 2.8687E-05
 5.5654E+01 2.5885E-05
 5.6488E+01 2.3323E-05
 5.7322E+01 2.0978E-05
 5.8156E+01 1.8846E-05
 5.8990E+01 1.6899E-05
 5.9824E+01 1.5130E-05
 6.0658E+01 1.3527E-05
 6.1492E+01 1.2074E-05
 6.2325E+01 1.0762E-05
 6.3159E+01 9.5759E-06
 6.3993E+01 8.5085E-06
 6.4827E+01 7.5484E-06
 6.5661E+01 6.6864E-06
 6.6495E+01 5.9133E-06
 6.7329E+01 5.2213E-06
 6.8163E+01 4.6037E-06
 6.8997E+01 4.0525E-06
 6.9830E+01 3.5622E-06
 7.0664E+01 3.1256E-06
 7.1498E+01 2.7390E-06
 7.2332E+01 2.3965E-06
 7.3166E+01 2.0934E-06
 7.4000E+01 1.8258E-06
 7.4834E+01 1.5898E-06
 7.5668E+01 1.3824E-06
 7.6502E+01 1.2001E-06
 7.7335E+01 1.0403E-06
 7.8169E+01 9.0034E-07
 7.9003E+01 7.7808E-07
 7.9837E+01 6.7126E-07
 8.0671E+01 5.7827E-07
 8.1505E+01 4.9735E-07
 8.2339E+01 4.2714E-07
 8.3173E+01 3.6626E-07
 8.4007E+01 3.1358E-07
 8.4840E+01 2.6806E-07
 8.5674E+01 2.2881E-07
 8.6508E+01 1.9499E-07
 8.7342E+01 1.6590E-07
 8.8176E+01 1.4095E-07
 8.9010E+01 1.1956E-07
 8.9844E+01 1.0126E-07
 9.0678E+01 8.5633E-08
 9.1512E+01 7.2297E-08
 9.2345E+01 6.0954E-08
 9.3179E+01 5.1308E-08
 9.4013E+01 4.3117E-08
 9.4847E+01 3.6182E-08
 9.5681E+01 3.0316E-08
 9.6515E+01 2.5360E-08
 9.7349E+01 2.1180E-08
 9.8183E+01 1.7664E-08
 9.9017E+01 1.4707E-08
 9.9851E+01 1.2228E-08
 1.0068E+02 1.0150E-08
 1.0152E+02 8.4128E-09
 1.0235E+02 6.9620E-09
 1.0319E+02 5.7528E-09
 1.0402E+02 4.7459E-09
 1.0485E+02 3.9092E-09
 1.0569E+02 3.2152E-09
 1.0652E+02 2.6402E-09
 1.0736E+02 2.1646E-09
 1.0819E+02 1.7720E-09
 1.0902E+02 1.4483E-09
 1.0986E+02 1.1822E-09
 1.1069E+02 9.6312E-10
 1.1152E+02 7.8368E-10
 1.1236E+02 6.3650E-10
 1.1319E+02 5.1630E-10
 1.1403E+02 4.1814E-10
 1.1486E+02 3.3811E-10
 1.1569E+02 2.7293E-10
 1.1653E+02 2.2003E-10
 1.1736E+02 1.7707E-10
 1.1820E+02 1.4230E-10
 1.1903E+02 1.1416E-10
 1.1986E+02 9.1467E-11
 1.2070E+02 7.3169E-11
 1.2153E+02 5.8436E-11
 1.2237E+02 4.6596E-11
 1.2320E+02 3.7099E-11
 1.2403E+02 2.9490E-11
 1.2487E+02 2.3408E-11
 1.2570E+02 1.8551E-11
 1.2653E+02 1.4681E-11
 1.2737E+02 1.1598E-11
 1.2820E+02 9.1484E-12
 1.2904E+02 7.2058E-12
 1.2987E+02 5.6659E-12
 1.3070E+02 4.4488E-12
 1.3154E+02 3.4877E-12
 1.3237E+02 2.7303E-12
 1.3321E+02 2.1338E-12
 1.3404E+02 1.6652E-12
 1.3487E+02 1.2974E-12
 1.3571E+02 1.0092E-12
 1.3654E+02 7.8400E-13
 1.3738E+02 6.0793E-13
 1.3821E+02 4.7073E-13
 1.3904E+02 3.6396E-13
 1.3988E+02 2.8099E-13
 1.4071E+02 2.1655E-13
 1.4154E+02 1.6667E-13
 1.4238E+02 1.2806E-13
 1.4321E+02 9.8242E-14
 1.4405E+02 7.5262E-14
 1.4488E+02 5.7553E-14
 1.4571E+02 4.3949E-14
 1.4655E+02 3.3513E-14
 1.4738E+02 2.5514E-14
 1.4822E+02 1.9393E-14
 1.4905E+02 1.4715E-14
 1.4988E+02 1.1152E-14
 1.5072E+02 8.4383E-15
 1.5155E+02 6.3746E-15
 1.5239E+02 4.8080E-15
 1.5322E+02 3.6209E-15
 1.5405E+02 2.7227E-15
 1.5489E+02 2.0442E-15
 1.5572E+02 1.5324E-15
 1.5655E+02 1.1468E-15
 1.5739E+02 8.5699E-16
 1.5822E+02 6.3952E-16
 1.5906E+02 4.7640E-16
 1.5989E+02 3.5438E-16
 1.6072E+02 2.6320E-16
 1.6156E+02 1.9518E-16
 1.6239E+02 1.4450E-16
 1.6323E+02 1.0682E-16
 1.6406E+02 7.8855E-17
 1.6489E+02 5.8114E-17
 1.6573E+02 4.2759E-17
 1.6656E+02 3.1417E-17
