-1.6616E+02 4.1468E-17
-1.6533E+02 5.6354E-17
-1.6449E+02 7.6470E-17
-1.6366E+02 1.0359E-16
-1.6282E+02 1.4012E-16
-1.6199E+02 1.8926E-16
-1.6116E+02 2.5521E-16
-1.6032E+02 3.4365E-16
-1.5949E+02 4.6194E-16
-1.5866E+02 6.2014E-16
-1.5782E+02 8.3107E-16
-1.5699E+02 1.1120E-15
-1.5615E+02 1.4858E-15
-1.5532E+02 1.9821E-15
-1.5449E+02 2.6401E-15
-1.5365E+02 3.5109E-15
-1.5282E+02 4.6620E-15
-1.5198E+02 6.1802E-15
-1.5115E+02 8.1818E-15
-1.5032E+02 1.0814E-14
-1.4948E+02 1.4270E-14
-1.4865E+02 1.8802E-14
-1.4781E+02 2.4734E-14
-1.4698E+02 3.2492E-14
-1.4615E+02 4.2617E-14
-1.4531E+02 5.5801E-14
-1.4448E+02 7.2964E-14
-1.4365E+02 9.5255E-14
-1.4281E+02 1.2414E-13
-1.4198E+02 1.6158E-13
-1.4114E+02 2.0997E-13
-1.4031E+02 2.7239E-13
-1.3948E+02 3.5290E-13
-1.3864E+02 4.5644E-13
-1.3781E+02 5.8937E-13
-1.3697E+02 7.5999E-13
-1.3614E+02 9.7855E-13
-1.3531E+02 1.2577E-12
-1.3447E+02 1.6143E-12
-1.3364E+02 2.0686E-12
-1.3280E+02 2.6470E-12
-1.3197E+02 3.3813E-12
-1.3114E+02 4.3136E-12
-1.3030E+02 5.4934E-12
-1.2947E+02 6.9852E-12
-1.2864E+02 8.8691E-12
-1.2780E+02 1.1242E-11
-1.2697E+02 1.4232E-11
-1.2613E+02 1.7984E-11
-1.2530E+02 2.2692E-11
-1.2447E+02 2.8589E-11
-1.2363E+02 3.5963E-11
-1.2280E+02 4.5175E-11
-1.2196E+02 5.6647E-11
-1.2113E+02 7.0930E-11
-1.2030E+02 8.8676E-11
-1.1946E+02 1.1068E-10
-1.1863E+02 1.3795E-10
-1.1779E+02 1.7167E-10
-1.1696E+02 2.1329E-10
-1.1613E+02 2.6461E-10
-1.1529E+02 3.2778E-10
-1.1446E+02 4.0532E-10
-1.1363E+02 5.0055E-10
-1.1279E+02 6.1708E-10
-1.1196E+02 7.5961E-10
-1.1112E+02 9.3368E-10
-1.1029E+02 1.1459E-09
-1.0946E+02 1.4041E-09
-1.0862E+02 1.7175E-09
-1.0779E+02 2.0983E-09
-1.0695E+02 2.5591E-09
-1.0612E+02 3.1164E-09
-1.0529E+02 3.7886E-09
-1.0445E+02 4.6002E-09
-1.0362E+02 5.5758E-09
-1.0278E+02 6.7477E-09
-1.0195E+02 8.1544E-09
-1.0112E+02 9.8387E-09
-1.0028E+02 1.1853E-08
-9.9449E+01 1.4256E-08
-9.8615E+01 1.7123E-08
-9.7781E+01 2.0529E-08
-9.6947E+01 2.4581E-08
-9.6114E+01 2.9383E-08
-9.5280E+01 3.5068E-08
-9.4446E+01 4.1792E-08
-9.3612E+01 4.9728E-08
-9.2778E+01 5.9078E-08
-9.1944E+01 7.0080E-08
-9.1110E+01 8.3003E-08
-9.0276E+01 9.8143E-08
-8.9442E+01 1.1588E-07
-8.8608E+01 1.3661E-07
-8.7775E+01 1.6078E-07
-8.6941E+01 1.8900E-07
-8.6107E+01 2.2176E-07
-8.5273E+01 2.5978E-07
-8.4439E+01 3.0394E-07
-8.3605E+01 3.5499E-07
-8.2771E+01 4.1396E-07
-8.1937E+01 4.8198E-07
-8.1103E+01 5.6042E-07
-8.0270E+01 6.5061E-07
-7.9436E+01 7.5406E-07
-7.8602E+01 8.7253E-07
-7.7768E+01 1.0082E-06
-7.6934E+01 1.1631E-06
-7.6100E+01 1.3397E-06
-7.5266E+01 1.5408E-06
-7.4432E+01 1.7694E-06
-7.3598E+01 2.0285E-06
-7.2765E+01 2.3224E-06
-7.1931E+01 2.6546E-06
-7.1097E+01 3.0296E-06
-7.0263E+01 3.4521E-06
-6.9429E+01 3.9276E-06
-6.8595E+01 4.4616E-06
-6.7761E+01 5.0600E-06
-6.6927E+01 5.7305E-06
-6.6093E+01 6.4796E-06
-6.5260E+01 7.3150E-06
-6.4426E+01 8.2451E-06
-6.3592E+01 9.2801E-06
-6.2758E+01 1.0429E-05
-6.1924E+01 1.1701E-05
-6.1090E+01 1.3108E-05
-6.0256E+01 1.4664E-05
-5.9422E+01 1.6375E-05
-5.8588E+01 1.8259E-05
-5.7755E+01 2.0329E-05
-5.6921E+01 2.2599E-05
-5.6087E+01 2.5084E-05
-5.5253E+01 2.7797E-05
-5.4419E+01 3.0756E-05
-5.3585E+01 3.3983E-05
-5.2751E+01 3.7485E-05
-5.1917E+01 4.1288E-05
-5.1083E+01 4.5406E-05
-5.0250E+01 4.9853E-05
-4.9416E+01 5.4657E-05
-4.8582E+01 5.9820E-05
-4.7748E+01 6.5377E-05
-4.6914E+01 7.1354E-05
-4.6080E+01 7.7738E-05
-4.5246E+01 8.4573E-05
-4.4412E+01 9.1861E-05
-4.3578E+01 9.9619E-05
-4.2745E+01 1.0787E-04
-4.1911E+01 1.1663E-04
-4.1077E+01 1.2589E-04
-4.0243E+01 1.3570E-04
-3.9409E+01 1.4603E-04
-3.8575E+01 1.5691E-04
-3.7741E+01 1.6831E-04
-3.6907E+01 1.8030E-04
-3.6073E+01 1.9286E-04
-3.5240E+01 2.0592E-04
-3.4406E+01 2.1960E-04
-3.3572E+01 2.3378E-04
-3.2738E+01 2.4843E-04
-3.1904E+01 2.6371E-04
-3.1070E+01 2.7942E-04
-3.0236E+01 2.9566E-04
-2.9402E+01 3.1235E-04
-2.8568E+01 3.2943E-04
-2.7735E+01 3.4692E-04
-2.6901E+01 3.6476E-04
-2.6067E+01 3.8300E-04
-2.5233E+01 4.0145E-04
-2.4399E+01 4.2019E-04
-2.3565E+01 4.3909E-04
-2.2731E+01 4.5816E-04
-2.1897E+01 4.7732E-04
-2.1063E+01 4.9656E-04
-2.0230E+01 5.1567E-04
-1.9396E+01 5.3467E-04
-1.8562E+01 5.5362E-04
-1.7728E+01 5.7235E-04
-1.6894E+01 5.9073E-04
-1.6060E+01 6.0880E-04
-1.5226E+01 6.2649E-04
-1.4392E+01 6.4359E-04
-1.3558E+01 6.6026E-04
-1.2725E+01 6.7630E-04
-1.1891E+01 6.9167E-04
-1.1057E+01 7.0619E-04
-1.0223E+01 7.1996E-04
-9.3890E+00 7.3281E-04
-8.5551E+00 7.4483E-04
-7.7212E+00 7.5587E-04
-6.8873E+00 7.6582E-04
-6.0534E+00 7.7475E-04
-5.2196E+00 7.8256E-04
-4.3857E+00 7.8930E-04
-3.5518E+00 7.9474E-04
-2.7179E+00 7.9901E-04
-1.8840E+00 8.0209E-04
-1.0501E+00 8.0401E-04
-2.1622E-01 8.0461E-04
 6.1766E-01 8.0401E-04
 1.4516E+00 8.0210E-04
 2.2854E+00 7.9901E-04
 3.1193E+00 7.9468E-04
 3.9532E+00 7.8926E-04
 4.7871E+00 7.8253E-04
 5.6210E+00 7.7473E-04
 6.4549E+00 7.6579E-04
 7.2888E+00 7.5584E-04
 8.1227E+00 7.4480E-04
 8.9566E+00 7.3277E-04
 9.7904E+00 7.1990E-04
 1.0624E+01 7.0613E-04
 1.1458E+01 6.9156E-04
 1.2292E+01 6.7628E-04
 1.3126E+01 6.6022E-04
 1.3960E+01 6.4354E-04
 1.4794E+01 6.2640E-04
 1.5628E+01 6.0875E-04
 1.6462E+01 5.9066E-04
 1.7295E+01 5.7226E-04
 1.8129E+01 5.5356E-04
 1.8963E+01 5.3458E-04
 1.9797E+01 5.1557E-04
 2.0631E+01 4.9652E-04
 2.1465E+01 4.7724E-04
 2.2299E+01 4.5809E-04
 2.3133E+01 4.3905E-04
 2.3967E+01 4.2014E-04
 2.4800E+01 4.0139E-04
 2.5634E+01 3.8291E-04
 2.6468E+01 3.6470E-04
 2.7302E+01 3.4686E-04
 2.8136E+01 3.2934E-04
 2.8970E+01 3.1226E-04
 2.9804E+01 2.9560E-04
 3.0638E+01 2.7940E-04
 3.1472E+01 2.6367E-04
 3.2305E+01 2.4842E-04
 3.3139E+01 2.3370E-04
 3.3973E+01 2.1951E-04
 3.4807E+01 2.0588E-04
 3.5641E+01 1.9282E-04
 3.6475E+01 1.8027E-04
 3.7309E+01 1.6827E-04
 3.8143E+01 1.5685E-04
 3.8977E+01 1.4599E-04
 3.9810E+01 1.3566E-04
 4.0644E+01 1.2586E-04
 4.1478E+01 1.1660E-04
 4.2312E+01 1.0784E-04
 4.3146E+01 9.9585E-05
 4.3980E+01 9.1834E-05
 4.4814E+01 8.4544E-05
 4.5648E+01 7.7717E-05
 4.6482E+01 7.1325E-05
 4.7315E+01 6.5364E-05
 4.8149E+01 5.9801E-05
 4.8983E+01 5.4633E-05
 4.9817E+01 4.9837E-05
 5.0651E+01 4.5388E-05
 5.1485E+01 4.1272E-05
 5.2319E+01 3.7475E-05
 5.3153E+01 3.3972E-05
 5.3987E+01 3.0744E-05
 5.4820E+01 2.7789E-05
 5.5654E+01 2.5076E-05
 5.6488E+01 2.2592E-05
 5.7322E+01 2.0321E-05
 5.8156E+01 1.8253E-05
 5.8990E+01 1.6369E-05
 5.9824E+01 1.4655E-05
 6.0658E+01 1.3103E-05
 6.1492E+01 1.1696E-05
 6.2325E+01 1.0424E-05
 6.3159E+01 9.2766E-06
 6.3993E+01 8.2413E-06
 6.4827E+01 7.3113E-06
 6.5661E+01 6.4765E-06
 6.6495E+01 5.7280E-06
 6.7329E+01 5.0581E-06
 6.8163E+01 4.4590E-06
 6.8997E+01 3.9256E-06
 6.9830E+01 3.4501E-06
 7.0664E+01 3.0279E-06
 7.1498E+01 2.6531E-06
 7.2332E+01 2.3212E-06
 7.3166E+01 2.0278E-06
 7.4000E+01 1.7683E-06
 7.4834E+01 1.5400E-06
 7.5668E+01 1.3391E-06
 7.6502E+01 1.1625E-06
 7.7335E+01 1.0077E-06
 7.8169E+01 8.7208E-07
 7.9003E+01 7.5360E-07
 7.9837E+01 6.5025E-07
 8.0671E+01 5.6015E-07
 8.1505E+01 4.8180E-07
 8.2339E+01 4.1373E-07
 8.3173E+01 3.5480E-07
 8.4007E+01 3.0375E-07
 8.4840E+01 2.5965E-07
 8.5674E+01 2.2163E-07
 8.6508E+01 1.8888E-07
 8.7342E+01 1.6070E-07
 8.8176E+01 1.3654E-07
 8.9010E+01 1.1581E-07
 8.9844E+01 9.8083E-08
 9.0678E+01 8.2944E-08
 9.1512E+01 7.0035E-08
 9.2345E+01 5.9041E-08
 9.3179E+01 4.9695E-08
 9.4013E+01 4.1763E-08
 9.4847E+01 3.5046E-08
 9.5681E+01 2.9364E-08
 9.6515E+01 2.4564E-08
 9.7349E+01 2.0516E-08
 9.8183E+01 1.7110E-08
 9.9017E+01 1.4246E-08
 9.9851E+01 1.1845E-08
 1.0068E+02 9.8322E-09
 1.0152E+02 8.1495E-09
 1.0235E+02 6.7436E-09
 1.0319E+02 5.5719E-09
 1.0402E+02 4.5967E-09
 1.0485E+02 3.7868E-09
 1.0569E+02 3.1146E-09
 1.0652E+02 2.5573E-09
 1.0736E+02 2.0967E-09
 1.0819E+02 1.7165E-09
 1.0902E+02 1.4030E-09
 1.0986E+02 1.1450E-09
 1.1069E+02 9.3307E-10
 1.1152E+02 7.5911E-10
 1.1236E+02 6.1665E-10
 1.1319E+02 5.0009E-10
 1.1403E+02 4.0506E-10
 1.1486E+02 3.2749E-10
 1.1569E+02 2.6438E-10
 1.1653E+02 2.1314E-10
 1.1736E+02 1.7153E-10
 1.1820E+02 1.3784E-10
 1.1903E+02 1.1060E-10
 1.1986E+02 8.8607E-11
 1.2070E+02 7.0877E-11
 1.2153E+02 5.6601E-11
 1.2237E+02 4.5136E-11
 1.2320E+02 3.5935E-11
 1.2403E+02 2.8567E-11
 1.2487E+02 2.2674E-11
 1.2570E+02 1.7970E-11
 1.2653E+02 1.4219E-11
 1.2737E+02 1.1234E-11
 1.2820E+02 8.8613E-12
 1.2904E+02 6.9787E-12
 1.2987E+02 5.4884E-12
 1.3070E+02 4.3098E-12
 1.3154E+02 3.3783E-12
 1.3237E+02 2.6446E-12
 1.3321E+02 2.0669E-12
 1.3404E+02 1.6128E-12
 1.3487E+02 1.2566E-12
 1.3571E+02 9.7758E-13
 1.3654E+02 7.5938E-13
 1.3738E+02 5.8896E-13
 1.3821E+02 4.5594E-13
 1.3904E+02 3.5252E-13
 1.3988E+02 2.7213E-13
 1.4071E+02 2.0978E-13
 1.4154E+02 1.6145E-13
 1.4238E+02 1.2404E-13
 1.4321E+02 9.5168E-14
 1.4405E+02 7.2891E-14
 1.4488E+02 5.5749E-14
 1.4571E+02 4.2575E-14
 1.4655E+02 3.2462E-14
 1.4738E+02 2.4714E-14
 1.4822E+02 1.8784E-14
 1.4905E+02 1.4258E-14
 1.4988E+02 1.0804E-14
 1.5072E+02 8.1730E-15
 1.5155E+02 6.1743E-15
 1.5239E+02 4.6571E-15
 1.5322E+02 3.5076E-15
 1.5405E+02 2.6372E-15
 1.5489E+02 1.9799E-15
 1.5572E+02 1.4842E-15
 1.5655E+02 1.1108E-15
 1.5739E+02 8.3014E-16
 1.5822E+02 6.1942E-16
 1.5906E+02 4.6145E-16
 1.5989E+02 3.4327E-16
 1.6072E+02 2.5492E-16
 1.6156E+02 1.8906E-16
 1.6239E+02 1.3997E-16
 1.6323E+02 1.0348E-16
 1.6406E+02 7.6373E-17
 1.6489E+02 5.6290E-17
 1.6573E+02 4.1418E-17
 1.6656E+02 3.0432E-17
