-1.6616E+02 3.8942E-17
-1.6533E+02 5.2918E-17
-1.6449E+02 7.1801E-17
-1.6366E+02 9.7284E-17
-1.6282E+02 1.3159E-16
-1.6199E+02 1.7773E-16
-1.6116E+02 2.3968E-16
-1.6032E+02 3.2272E-16
-1.5949E+02 4.3381E-16
-1.5866E+02 5.8234E-16
-1.5782E+02 7.8041E-16
-1.5699E+02 1.0443E-15
-1.5615E+02 1.3954E-15
-1.5532E+02 1.8612E-15
-1.5449E+02 2.4790E-15
-1.5365E+02 3.2975E-15
-1.5282E+02 4.3783E-15
-1.5198E+02 5.8044E-15
-1.5115E+02 7.6833E-15
-1.5032E+02 1.0154E-14
-1.4948E+02 1.3404E-14
-1.4865E+02 1.7659E-14
-1.4781E+02 2.3233E-14
-1.4698E+02 3.0514E-14
-1.4615E+02 4.0024E-14
-1.4531E+02 5.2410E-14
-1.4448E+02 6.8519E-14
-1.4365E+02 8.9445E-14
-1.4281E+02 1.1660E-13
-1.4198E+02 1.5174E-13
-1.4114E+02 1.9717E-13
-1.4031E+02 2.5585E-13
-1.3948E+02 3.3138E-13
-1.3864E+02 4.2861E-13
-1.3781E+02 5.5351E-13
-1.3697E+02 7.1378E-13
-1.3614E+02 9.1899E-13
-1.3531E+02 1.1812E-12
-1.3447E+02 1.5160E-12
-1.3364E+02 1.9427E-12
-1.3280E+02 2.4855E-12
-1.3197E+02 3.1754E-12
-1.3114E+02 4.0504E-12
-1.3030E+02 5.1587E-12
-1.2947E+02 6.5594E-12
-1.2864E+02 8.3297E-12
-1.2780E+02 1.0558E-11
-1.2697E+02 1.3366E-11
-1.2613E+02 1.6889E-11
-1.2530E+02 2.1312E-11
-1.2447E+02 2.6850E-11
-1.2363E+02 3.3774E-11
-1.2280E+02 4.2420E-11
-1.2196E+02 5.3196E-11
-1.2113E+02 6.6609E-11
-1.2030E+02 8.3273E-11
-1.1946E+02 1.0395E-10
-1.1863E+02 1.2956E-10
-1.1779E+02 1.6120E-10
-1.1696E+02 2.0029E-10
-1.1613E+02 2.4851E-10
-1.1529E+02 3.0782E-10
-1.1446E+02 3.8067E-10
-1.1363E+02 4.7004E-10
-1.1279E+02 5.7951E-10
-1.1196E+02 7.1341E-10
-1.1112E+02 8.7688E-10
-1.1029E+02 1.0760E-09
-1.0946E+02 1.3185E-09
-1.0862E+02 1.6130E-09
-1.0779E+02 1.9706E-09
-1.0695E+02 2.4031E-09
-1.0612E+02 2.9264E-09
-1.0529E+02 3.5585E-09
-1.0445E+02 4.3198E-09
-1.0362E+02 5.2363E-09
-1.0278E+02 6.3375E-09
-1.0195E+02 7.6577E-09
-1.0112E+02 9.2393E-09
-1.0028E+02 1.1132E-08
-9.9449E+01 1.3387E-08
-9.8615E+01 1.6078E-08
-9.7781E+01 1.9280E-08
-9.6947E+01 2.3082E-08
-9.6114E+01 2.7590E-08
-9.5280E+01 3.2936E-08
-9.4446E+01 3.9245E-08
-9.3612E+01 4.6700E-08
-9.2778E+01 5.5476E-08
-9.1944E+01 6.5809E-08
-9.1110E+01 7.7936E-08
-9.0276E+01 9.2173E-08
-8.9442E+01 1.0882E-07
-8.8608E+01 1.2828E-07
-8.7775E+01 1.5101E-07
-8.6941E+01 1.7746E-07
-8.6107E+01 2.0823E-07
-8.5273E+01 2.4397E-07
-8.4439E+01 2.8542E-07
-8.3605E+01 3.3339E-07
-8.2771E+01 3.8878E-07
-8.1937E+01 4.5269E-07
-8.1103E+01 5.2635E-07
-8.0270E+01 6.1096E-07
-7.9436E+01 7.0801E-07
-7.8602E+01 8.1932E-07
-7.7768E+01 9.4681E-07
-7.6934E+01 1.0923E-06
-7.6100E+01 1.2582E-06
-7.5266E+01 1.4470E-06
-7.4432E+01 1.6617E-06
-7.3598E+01 1.9050E-06
-7.2765E+01 2.1811E-06
-7.1931E+01 2.4928E-06
-7.1097E+01 2.8448E-06
-7.0263E+01 3.2415E-06
-6.9429E+01 3.6878E-06
-6.8595E+01 4.1897E-06
-6.7761E+01 4.7517E-06
-6.6927E+01 5.3808E-06
-6.6093E+01 6.0841E-06
-6.5260E+01 6.8691E-06
-6.4426E+01 7.7431E-06
-6.3592E+01 8.7157E-06
-6.2758E+01 9.7934E-06
-6.1924E+01 1.0989E-05
-6.1090E+01 1.2311E-05
-6.0256E+01 1.3768E-05
-5.9422E+01 1.5377E-05
-5.8588E+01 1.7147E-05
-5.7755E+01 1.9089E-05
-5.6921E+01 2.1223E-05
-5.6087E+01 2.3558E-05
-5.5253E+01 2.6106E-05
-5.4419E+01 2.8886E-05
-5.3585E+01 3.1912E-05
-5.2751E+01 3.5202E-05
-5.1917E+01 3.8774E-05
-5.1083E+01 4.2638E-05
-5.0250E+01 4.6817E-05
-4.9416E+01 5.1326E-05
-4.8582E+01 5.6181E-05
-4.7748E+01 6.1397E-05
-4.6914E+01 6.7004E-05
-4.6080E+01 7.3002E-05
-4.5246E+01 7.9413E-05
-4.4412E+01 8.6255E-05
-4.3578E+01 9.3551E-05
-4.2745E+01 1.0129E-04
-4.1911E+01 1.0952E-04
-4.1077E+01 1.1823E-04
-4.0243E+01 1.2742E-04
-3.9409E+01 1.3713E-04
-3.8575E+01 1.4735E-04
-3.7741E+01 1.5806E-04
-3.6907E+01 1.6933E-04
-3.6073E+01 1.8109E-04
-3.5240E+01 1.9338E-04
-3.4406E+01 2.0619E-04
-3.3572E+01 2.1951E-04
-3.2738E+01 2.3335E-04
-3.1904E+01 2.4764E-04
-3.1070E+01 2.6240E-04
-3.0236E+01 2.7761E-04
-2.9402E+01 2.9329E-04
-2.8568E+01 3.0935E-04
-2.7735E+01 3.2578E-04
-2.6901E+01 3.4255E-04
-2.6067E+01 3.5967E-04
-2.5233E+01 3.7702E-04
-2.4399E+01 3.9459E-04
-2.3565E+01 4.1238E-04
-2.2731E+01 4.3026E-04
-2.1897E+01 4.4825E-04
-2.1063E+01 4.6624E-04
-2.0230E+01 4.8425E-04
-1.9396E+01 5.0212E-04
-1.8562E+01 5.1987E-04
-1.7728E+01 5.3750E-04
-1.6894E+01 5.5473E-04
-1.6060E+01 5.7168E-04
-1.5226E+01 5.8833E-04
-1.4392E+01 6.0437E-04
-1.3558E+01 6.2005E-04
-1.2725E+01 6.3508E-04
-1.1891E+01 6.4943E-04
-1.1057E+01 6.6315E-04
-1.0223E+01 6.7610E-04
-9.3890E+00 6.8825E-04
-8.5551E+00 6.9949E-04
-7.7212E+00 7.0978E-04
-6.8873E+00 7.1928E-04
-6.0534E+00 7.2756E-04
-5.2196E+00 7.3499E-04
-4.3857E+00 7.4112E-04
-3.5518E+00 7.4636E-04
-2.7179E+00 7.5038E-04
-1.8840E+00 7.5331E-04
-1.0501E+00 7.5501E-04
-2.1622E-01 7.5557E-04
 6.1766E-01 7.5500E-04
 1.4516E+00 7.5330E-04
 2.2854E+00 7.5034E-04
 3.1193E+00 7.4632E-04
 3.9532E+00 7.4110E-04
 4.7871E+00 7.3493E-04
 5.6210E+00 7.2757E-04
 6.4549E+00 7.1922E-04
 7.2888E+00 7.0975E-04
 8.1227E+00 6.9941E-04
 8.9566E+00 6.8819E-04
 9.7904E+00 6.7605E-04
 1.0624E+01 6.6309E-04
 1.1458E+01 6.4943E-04
 1.2292E+01 6.3501E-04
 1.3126E+01 6.1998E-04
 1.3960E+01 6.0433E-04
 1.4794E+01 5.8828E-04
 1.5628E+01 5.7159E-04
 1.6462E+01 5.5467E-04
 1.7295E+01 5.3748E-04
 1.8129E+01 5.1982E-04
 1.8963E+01 5.0205E-04
 1.9797E+01 4.8416E-04
 2.0631E+01 4.6618E-04
 2.1465E+01 4.4814E-04
 2.2299E+01 4.3017E-04
 2.3133E+01 4.1230E-04
 2.3967E+01 3.9452E-04
 2.4800E+01 3.7693E-04
 2.5634E+01 3.5960E-04
 2.6468E+01 3.4252E-04
 2.7302E+01 3.2571E-04
 2.8136E+01 3.0926E-04
 2.8970E+01 2.9325E-04
 2.9804E+01 2.7757E-04
 3.0638E+01 2.6233E-04
 3.1472E+01 2.4760E-04
 3.2305E+01 2.3328E-04
 3.3139E+01 2.1947E-04
 3.3973E+01 2.0614E-04
 3.4807E+01 1.9336E-04
 3.5641E+01 1.8103E-04
 3.6475E+01 1.6928E-04
 3.7309E+01 1.5803E-04
 3.8143E+01 1.4731E-04
 3.8977E+01 1.3710E-04
 3.9810E+01 1.2738E-04
 4.0644E+01 1.1820E-04
 4.1478E+01 1.0948E-04
 4.2312E+01 1.0127E-04
 4.3146E+01 9.3513E-05
 4.3980E+01 8.6238E-05
 4.4814E+01 7.9390E-05
 4.5648E+01 7.2984E-05
 4.6482E+01 6.6979E-05
 4.7315E+01 6.1381E-05
 4.8149E+01 5.6165E-05
 4.8983E+01 5.1302E-05
 4.9817E+01 4.6801E-05
 5.0651E+01 4.2622E-05
 5.1485E+01 3.8756E-05
 5.2319E+01 3.5189E-05
 5.3153E+01 3.1902E-05
 5.3987E+01 2.8876E-05
 5.4820E+01 2.6096E-05
 5.5654E+01 2.3547E-05
 5.6488E+01 2.1214E-05
 5.7322E+01 1.9083E-05
 5.8156E+01 1.7140E-05
 5.8990E+01 1.5371E-05
 5.9824E+01 1.3762E-05
 6.0658E+01 1.2304E-05
 6.1492E+01 1.0984E-05
 6.2325E+01 9.7887E-06
 6.3159E+01 8.7108E-06
 6.3993E+01 7.7394E-06
 6.4827E+01 6.8659E-06
 6.5661E+01 6.0810E-06
 6.6495E+01 5.3791E-06
 6.7329E+01 4.7495E-06
 6.8163E+01 4.1875E-06
 6.8997E+01 3.6860E-06
 6.9830E+01 3.2401E-06
 7.0664E+01 2.8433E-06
 7.1498E+01 2.4916E-06
 7.2332E+01 2.1797E-06
 7.3166E+01 1.9042E-06
 7.4000E+01 1.6607E-06
 7.4834E+01 1.4462E-06
 7.5668E+01 1.2574E-06
 7.6502E+01 1.0917E-06
 7.7335E+01 9.4624E-07
 7.8169E+01 8.1901E-07
 7.9003E+01 7.0765E-07
 7.9837E+01 6.1059E-07
 8.0671E+01 5.2597E-07
 8.1505E+01 4.5242E-07
 8.2339E+01 3.8854E-07
 8.3173E+01 3.3316E-07
 8.4007E+01 2.8523E-07
 8.4840E+01 2.4383E-07
 8.5674E+01 2.0813E-07
 8.6508E+01 1.7737E-07
 8.7342E+01 1.5091E-07
 8.8176E+01 1.2821E-07
 8.9010E+01 1.0876E-07
 8.9844E+01 9.2109E-08
 9.0678E+01 7.7886E-08
 9.1512E+01 6.5766E-08
 9.2345E+01 5.5439E-08
 9.3179E+01 4.6663E-08
 9.4013E+01 3.9217E-08
 9.4847E+01 3.2909E-08
 9.5681E+01 2.7573E-08
 9.6515E+01 2.3064E-08
 9.7349E+01 1.9267E-08
 9.8183E+01 1.6067E-08
 9.9017E+01 1.3377E-08
 9.9851E+01 1.1123E-08
 1.0068E+02 9.2332E-09
 1.0152E+02 7.6525E-09
 1.0235E+02 6.3330E-09
 1.0319E+02 5.2324E-09
 1.0402E+02 4.3171E-09
 1.0485E+02 3.5557E-09
 1.0569E+02 2.9246E-09
 1.0652E+02 2.4011E-09
 1.0736E+02 1.9689E-09
 1.0819E+02 1.6119E-09
 1.0902E+02 1.3174E-09
 1.0986E+02 1.0752E-09
 1.1069E+02 8.7617E-10
 1.1152E+02 7.1281E-10
 1.1236E+02 5.7909E-10
 1.1319E+02 4.6963E-10
 1.1403E+02 3.8030E-10
 1.1486E+02 3.0750E-10
 1.1569E+02 2.4828E-10
 1.1653E+02 2.0013E-10
 1.1736E+02 1.6107E-10
 1.1820E+02 1.2943E-10
 1.1903E+02 1.0386E-10
 1.1986E+02 8.3201E-11
 1.2070E+02 6.6550E-11
 1.2153E+02 5.3150E-11
 1.2237E+02 4.2382E-11
 1.2320E+02 3.3747E-11
 1.2403E+02 2.6824E-11
 1.2487E+02 2.1290E-11
 1.2570E+02 1.6875E-11
 1.2653E+02 1.3352E-11
 1.2737E+02 1.0549E-11
 1.2820E+02 8.3207E-12
 1.2904E+02 6.5541E-12
 1.2987E+02 5.1538E-12
 1.3070E+02 4.0468E-12
 1.3154E+02 3.1726E-12
 1.3237E+02 2.4835E-12
 1.3321E+02 1.9408E-12
 1.3404E+02 1.5146E-12
 1.3487E+02 1.1801E-12
 1.3571E+02 9.1799E-13
 1.3654E+02 7.1310E-13
 1.3738E+02 5.5299E-13
 1.3821E+02 4.2822E-13
 1.3904E+02 3.3108E-13
 1.3988E+02 2.5556E-13
 1.4071E+02 1.9698E-13
 1.4154E+02 1.5159E-13
 1.4238E+02 1.1647E-13
 1.4321E+02 8.9359E-14
 1.4405E+02 6.8450E-14
 1.4488E+02 5.2356E-14
 1.4571E+02 3.9978E-14
 1.4655E+02 3.0486E-14
 1.4738E+02 2.3206E-14
 1.4822E+02 1.7637E-14
 1.4905E+02 1.3387E-14
 1.4988E+02 1.0144E-14
 1.5072E+02 7.6744E-15
 1.5155E+02 5.7977E-15
 1.5239E+02 4.3733E-15
 1.5322E+02 3.2933E-15
 1.5405E+02 2.4765E-15
 1.5489E+02 1.8593E-15
 1.5572E+02 1.3936E-15
 1.5655E+02 1.0432E-15
 1.5739E+02 7.7943E-16
 1.5822E+02 5.8167E-16
 1.5906E+02 4.3335E-16
 1.5989E+02 3.2233E-16
 1.6072E+02 2.3938E-16
 1.6156E+02 1.7753E-16
 1.6239E+02 1.3143E-16
 1.6323E+02 9.7169E-17
 1.6406E+02 7.1722E-17
 1.6489E+02 5.2858E-17
 1.6573E+02 3.8896E-17
 1.6656E+02 2.8574E-17
