-1.6616E+02 4.1913E-17
-1.6533E+02 5.6953E-17
-1.6449E+02 7.7276E-17
-1.6366E+02 1.0470E-16
-1.6282E+02 1.4162E-16
-1.6199E+02 1.9129E-16
-1.6116E+02 2.5789E-16
-1.6032E+02 3.4731E-16
-1.5949E+02 4.6688E-16
-1.5866E+02 6.2674E-16
-1.5782E+02 8.3994E-16
-1.5699E+02 1.1239E-15
-1.5615E+02 1.5016E-15
-1.5532E+02 2.0032E-15
-1.5449E+02 2.6680E-15
-1.5365E+02 3.5488E-15
-1.5282E+02 4.7119E-15
-1.5198E+02 6.2464E-15
-1.5115E+02 8.2685E-15
-1.5032E+02 1.0929E-14
-1.4948E+02 1.4422E-14
-1.4865E+02 1.9002E-14
-1.4781E+02 2.4999E-14
-1.4698E+02 3.2838E-14
-1.4615E+02 4.3067E-14
-1.4531E+02 5.6403E-14
-1.4448E+02 7.3744E-14
-1.4365E+02 9.6265E-14
-1.4281E+02 1.2548E-13
-1.4198E+02 1.6330E-13
-1.4114E+02 2.1221E-13
-1.4031E+02 2.7531E-13
-1.3948E+02 3.5664E-13
-1.3864E+02 4.6122E-13
-1.3781E+02 5.9569E-13
-1.3697E+02 7.6819E-13
-1.3614E+02 9.8886E-13
-1.3531E+02 1.2711E-12
-1.3447E+02 1.6314E-12
-1.3364E+02 2.0908E-12
-1.3280E+02 2.6750E-12
-1.3197E+02 3.4176E-12
-1.3114E+02 4.3592E-12
-1.3030E+02 5.5519E-12
-1.2947E+02 7.0592E-12
-1.2864E+02 8.9636E-12
-1.2780E+02 1.1364E-11
-1.2697E+02 1.4382E-11
-1.2613E+02 1.8174E-11
-1.2530E+02 2.2936E-11
-1.2447E+02 2.8893E-11
-1.2363E+02 3.6344E-11
-1.2280E+02 4.5649E-11
-1.2196E+02 5.7250E-11
-1.2113E+02 7.1685E-11
-1.2030E+02 8.9617E-11
-1.1946E+02 1.1186E-10
-1.1863E+02 1.3942E-10
-1.1779E+02 1.7352E-10
-1.1696E+02 2.1556E-10
-1.1613E+02 2.6741E-10
-1.1529E+02 3.3125E-10
-1.1446E+02 4.0966E-10
-1.1363E+02 5.0589E-10
-1.1279E+02 6.2370E-10
-1.1196E+02 7.6769E-10
-1.1112E+02 9.4366E-10
-1.1029E+02 1.1581E-09
-1.0946E+02 1.4190E-09
-1.0862E+02 1.7360E-09
-1.0779E+02 2.1206E-09
-1.0695E+02 2.5861E-09
-1.0612E+02 3.1497E-09
-1.0529E+02 3.8295E-09
-1.0445E+02 4.6491E-09
-1.0362E+02 5.6349E-09
-1.0278E+02 6.8199E-09
-1.0195E+02 8.2411E-09
-1.0112E+02 9.9438E-09
-1.0028E+02 1.1979E-08
-9.9449E+01 1.4407E-08
-9.8615E+01 1.7302E-08
-9.7781E+01 2.0748E-08
-9.6947E+01 2.4841E-08
-9.6114E+01 2.9694E-08
-9.5280E+01 3.5442E-08
-9.4446E+01 4.2232E-08
-9.3612E+01 5.0257E-08
-9.2778E+01 5.9696E-08
-9.1944E+01 7.0822E-08
-9.1110E+01 8.3881E-08
-9.0276E+01 9.9192E-08
-8.9442E+01 1.1711E-07
-8.8608E+01 1.3806E-07
-8.7775E+01 1.6251E-07
-8.6941E+01 1.9099E-07
-8.6107E+01 2.2412E-07
-8.5273E+01 2.6259E-07
-8.4439E+01 3.0716E-07
-8.3605E+01 3.5878E-07
-8.2771E+01 4.1839E-07
-8.1937E+01 4.8720E-07
-8.1103E+01 5.6638E-07
-8.0270E+01 6.5751E-07
-7.9436E+01 7.6205E-07
-7.8602E+01 8.8184E-07
-7.7768E+01 1.0189E-06
-7.6934E+01 1.1755E-06
-7.6100E+01 1.3541E-06
-7.5266E+01 1.5572E-06
-7.4432E+01 1.7882E-06
-7.3598E+01 2.0501E-06
-7.2765E+01 2.3472E-06
-7.1931E+01 2.6827E-06
-7.1097E+01 3.0618E-06
-7.0263E+01 3.4886E-06
-6.9429E+01 3.9693E-06
-6.8595E+01 4.5089E-06
-6.7761E+01 5.1140E-06
-6.6927E+01 5.7909E-06
-6.6093E+01 6.5485E-06
-6.5260E+01 7.3926E-06
-6.4426E+01 8.3332E-06
-6.3592E+01 9.3792E-06
-6.2758E+01 1.0539E-05
-6.1924E+01 1.1826E-05
-6.1090E+01 1.3247E-05
-6.0256E+01 1.4819E-05
-5.9422E+01 1.6548E-05
-5.8588E+01 1.8453E-05
-5.7755E+01 2.0547E-05
-5.6921E+01 2.2840E-05
-5.6087E+01 2.5352E-05
-5.5253E+01 2.8094E-05
-5.4419E+01 3.1087E-05
-5.3585E+01 3.4350E-05
-5.2751E+01 3.7887E-05
-5.1917E+01 4.1727E-05
-5.1083E+01 4.5885E-05
-5.0250E+01 5.0386E-05
-4.9416E+01 5.5236E-05
-4.8582E+01 6.0463E-05
-4.7748E+01 6.6077E-05
-4.6914E+01 7.2110E-05
-4.6080E+01 7.8566E-05
-4.5246E+01 8.5467E-05
-4.4412E+01 9.2834E-05
-4.3578E+01 1.0068E-04
-4.2745E+01 1.0901E-04
-4.1911E+01 1.1786E-04
-4.1077E+01 1.2724E-04
-4.0243E+01 1.3713E-04
-3.9409E+01 1.4758E-04
-3.8575E+01 1.5857E-04
-3.7741E+01 1.7013E-04
-3.6907E+01 1.8224E-04
-3.6073E+01 1.9489E-04
-3.5240E+01 2.0813E-04
-3.4406E+01 2.2194E-04
-3.3572E+01 2.3624E-04
-3.2738E+01 2.5112E-04
-3.1904E+01 2.6651E-04
-3.1070E+01 2.8240E-04
-3.0236E+01 2.9880E-04
-2.9402E+01 3.1565E-04
-2.8568E+01 3.3293E-04
-2.7735E+01 3.5061E-04
-2.6901E+01 3.6867E-04
-2.6067E+01 3.8706E-04
-2.5233E+01 4.0575E-04
-2.4399E+01 4.2468E-04
-2.3565E+01 4.4379E-04
-2.2731E+01 4.6302E-04
-2.1897E+01 4.8237E-04
-2.1063E+01 5.0177E-04
-2.0230E+01 5.2110E-04
-1.9396E+01 5.4038E-04
-1.8562E+01 5.5949E-04
-1.7728E+01 5.7843E-04
-1.6894E+01 5.9704E-04
-1.6060E+01 6.1535E-04
-1.5226E+01 6.3313E-04
-1.4392E+01 6.5053E-04
-1.3558E+01 6.6732E-04
-1.2725E+01 6.8348E-04
-1.1891E+01 6.9896E-04
-1.1057E+01 7.1374E-04
-1.0223E+01 7.2767E-04
-9.3890E+00 7.4061E-04
-8.5551E+00 7.5270E-04
-7.7212E+00 7.6384E-04
-6.8873E+00 7.7404E-04
-6.0534E+00 7.8298E-04
-5.2196E+00 7.9090E-04
-4.3857E+00 7.9757E-04
-3.5518E+00 8.0312E-04
-2.7179E+00 8.0757E-04
-1.8840E+00 8.1063E-04
-1.0501E+00 8.1249E-04
-2.1622E-01 8.1317E-04
 6.1766E-01 8.1251E-04
 1.4516E+00 8.1065E-04
 2.2854E+00 8.0755E-04
 3.1193E+00 8.0311E-04
 3.9532E+00 7.9756E-04
 4.7871E+00 7.9086E-04
 5.6210E+00 7.8299E-04
 6.4549E+00 7.7398E-04
 7.2888E+00 7.6376E-04
 8.1227E+00 7.5269E-04
 8.9566E+00 7.4059E-04
 9.7904E+00 7.2763E-04
 1.0624E+01 7.1368E-04
 1.1458E+01 6.9887E-04
 1.2292E+01 6.8342E-04
 1.3126E+01 6.6728E-04
 1.3960E+01 6.5045E-04
 1.4794E+01 6.3303E-04
 1.5628E+01 6.1525E-04
 1.6462E+01 5.9695E-04
 1.7295E+01 5.7836E-04
 1.8129E+01 5.5944E-04
 1.8963E+01 5.4033E-04
 1.9797E+01 5.2103E-04
 2.0631E+01 5.0171E-04
 2.1465E+01 4.8230E-04
 2.2299E+01 4.6296E-04
 2.3133E+01 4.4373E-04
 2.3967E+01 4.2459E-04
 2.4800E+01 4.0570E-04
 2.5634E+01 3.8696E-04
 2.6468E+01 3.6861E-04
 2.7302E+01 3.5054E-04
 2.8136E+01 3.3286E-04
 2.8970E+01 3.1559E-04
 2.9804E+01 2.9873E-04
 3.0638E+01 2.8234E-04
 3.1472E+01 2.6648E-04
 3.2305E+01 2.5106E-04
 3.3139E+01 2.3617E-04
 3.3973E+01 2.2186E-04
 3.4807E+01 2.0809E-04
 3.5641E+01 1.9483E-04
 3.6475E+01 1.8219E-04
 3.7309E+01 1.7009E-04
 3.8143E+01 1.5853E-04
 3.8977E+01 1.4754E-04
 3.9810E+01 1.3711E-04
 4.0644E+01 1.2720E-04
 4.1478E+01 1.1782E-04
 4.2312E+01 1.0898E-04
 4.3146E+01 1.0064E-04
 4.3980E+01 9.2809E-05
 4.4814E+01 8.5439E-05
 4.5648E+01 7.8537E-05
 4.6482E+01 7.2084E-05
 4.7315E+01 6.6062E-05
 4.8149E+01 6.0444E-05
 4.8983E+01 5.5212E-05
 4.9817E+01 5.0369E-05
 5.0651E+01 4.5872E-05
 5.1485E+01 4.1715E-05
 5.2319E+01 3.7873E-05
 5.3153E+01 3.4333E-05
 5.3987E+01 3.1077E-05
 5.4820E+01 2.8083E-05
 5.5654E+01 2.5345E-05
 5.6488E+01 2.2833E-05
 5.7322E+01 2.0538E-05
 5.8156E+01 1.8446E-05
 5.8990E+01 1.6542E-05
 5.9824E+01 1.4813E-05
 6.0658E+01 1.3243E-05
 6.1492E+01 1.1821E-05
 6.2325E+01 1.0534E-05
 6.3159E+01 9.3740E-06
 6.3993E+01 8.3298E-06
 6.4827E+01 7.3891E-06
 6.5661E+01 6.5460E-06
 6.6495E+01 5.7891E-06
 6.7329E+01 5.1114E-06
 6.8163E+01 4.5065E-06
 6.8997E+01 3.9674E-06
 6.9830E+01 3.4869E-06
 7.0664E+01 3.0603E-06
 7.1498E+01 2.6814E-06
 7.2332E+01 2.3458E-06
 7.3166E+01 2.0494E-06
 7.4000E+01 1.7873E-06
 7.4834E+01 1.5563E-06
 7.5668E+01 1.3533E-06
 7.6502E+01 1.1748E-06
 7.7335E+01 1.0184E-06
 7.8169E+01 8.8146E-07
 7.9003E+01 7.6157E-07
 7.9837E+01 6.5711E-07
 8.0671E+01 5.6610E-07
 8.1505E+01 4.8692E-07
 8.2339E+01 4.1816E-07
 8.3173E+01 3.5858E-07
 8.4007E+01 3.0698E-07
 8.4840E+01 2.6243E-07
 8.5674E+01 2.2400E-07
 8.6508E+01 1.9088E-07
 8.7342E+01 1.6242E-07
 8.8176E+01 1.3798E-07
 8.9010E+01 1.1705E-07
 8.9844E+01 9.9133E-08
 9.0678E+01 8.3830E-08
 9.1512E+01 7.0781E-08
 9.2345E+01 5.9669E-08
 9.3179E+01 5.0229E-08
 9.4013E+01 4.2207E-08
 9.4847E+01 3.5423E-08
 9.5681E+01 2.9676E-08
 9.6515E+01 2.4824E-08
 9.7349E+01 2.0734E-08
 9.8183E+01 1.7292E-08
 9.9017E+01 1.4397E-08
 9.9851E+01 1.1971E-08
 1.0068E+02 9.9376E-09
 1.0152E+02 8.2362E-09
 1.0235E+02 6.8152E-09
 1.0319E+02 5.6310E-09
 1.0402E+02 4.6461E-09
 1.0485E+02 3.8270E-09
 1.0569E+02 3.1472E-09
 1.0652E+02 2.5847E-09
 1.0736E+02 2.1192E-09
 1.0819E+02 1.7347E-09
 1.0902E+02 1.4180E-09
 1.0986E+02 1.1572E-09
 1.1069E+02 9.4299E-10
 1.1152E+02 7.6720E-10
 1.1236E+02 6.2323E-10
 1.1319E+02 5.0541E-10
 1.1403E+02 4.0936E-10
 1.1486E+02 3.3098E-10
 1.1569E+02 2.6723E-10
 1.1653E+02 2.1541E-10
 1.1736E+02 1.7337E-10
 1.1820E+02 1.3931E-10
 1.1903E+02 1.1179E-10
 1.1986E+02 8.9550E-11
 1.2070E+02 7.1624E-11
 1.2153E+02 5.7203E-11
 1.2237E+02 4.5613E-11
 1.2320E+02 3.6318E-11
 1.2403E+02 2.8873E-11
 1.2487E+02 2.2916E-11
 1.2570E+02 1.8159E-11
 1.2653E+02 1.4372E-11
 1.2737E+02 1.1353E-11
 1.2820E+02 8.9554E-12
 1.2904E+02 7.0534E-12
 1.2987E+02 5.5470E-12
 1.3070E+02 4.3554E-12
 1.3154E+02 3.4146E-12
 1.3237E+02 2.6725E-12
 1.3321E+02 2.0890E-12
 1.3404E+02 1.6299E-12
 1.3487E+02 1.2700E-12
 1.3571E+02 9.8797E-13
 1.3654E+02 7.6738E-13
 1.3738E+02 5.9520E-13
 1.3821E+02 4.6090E-13
 1.3904E+02 3.5632E-13
 1.3988E+02 2.7503E-13
 1.4071E+02 2.1200E-13
 1.4154E+02 1.6315E-13
 1.4238E+02 1.2537E-13
 1.4321E+02 9.6178E-14
 1.4405E+02 7.3671E-14
 1.4488E+02 5.6347E-14
 1.4571E+02 4.3028E-14
 1.4655E+02 3.2806E-14
 1.4738E+02 2.4976E-14
 1.4822E+02 1.8982E-14
 1.4905E+02 1.4408E-14
 1.4988E+02 1.0918E-14
 1.5072E+02 8.2600E-15
 1.5155E+02 6.2406E-15
 1.5239E+02 4.7064E-15
 1.5322E+02 3.5445E-15
 1.5405E+02 2.6652E-15
 1.5489E+02 2.0010E-15
 1.5572E+02 1.5001E-15
 1.5655E+02 1.1226E-15
 1.5739E+02 8.3894E-16
 1.5822E+02 6.2593E-16
 1.5906E+02 4.6634E-16
 1.5989E+02 3.4692E-16
 1.6072E+02 2.5764E-16
 1.6156E+02 1.9106E-16
 1.6239E+02 1.4146E-16
 1.6323E+02 1.0458E-16
 1.6406E+02 7.7190E-17
 1.6489E+02 5.6890E-17
 1.6573E+02 4.1860E-17
 1.6656E+02 3.0757E-17
