-1.6616E+02 3.9349E-17
-1.6533E+02 5.3474E-17
-1.6449E+02 7.2555E-17
-1.6366E+02 9.8307E-17
-1.6282E+02 1.3296E-16
-1.6199E+02 1.7960E-16
-1.6116E+02 2.4220E-16
-1.6032E+02 3.2607E-16
-1.5949E+02 4.3839E-16
-1.5866E+02 5.8844E-16
-1.5782E+02 7.8852E-16
-1.5699E+02 1.0553E-15
-1.5615E+02 1.4099E-15
-1.5532E+02 1.8805E-15
-1.5449E+02 2.5051E-15
-1.5365E+02 3.3312E-15
-1.5282E+02 4.4241E-15
-1.5198E+02 5.8646E-15
-1.5115E+02 7.7636E-15
-1.5032E+02 1.0262E-14
-1.4948E+02 1.3540E-14
-1.4865E+02 1.7842E-14
-1.4781E+02 2.3471E-14
-1.4698E+02 3.0836E-14
-1.4615E+02 4.0441E-14
-1.4531E+02 5.2960E-14
-1.4448E+02 6.9234E-14
-1.4365E+02 9.0385E-14
-1.4281E+02 1.1781E-13
-1.4198E+02 1.5333E-13
-1.4114E+02 1.9925E-13
-1.4031E+02 2.5850E-13
-1.3948E+02 3.3485E-13
-1.3864E+02 4.3309E-13
-1.3781E+02 5.5929E-13
-1.3697E+02 7.2125E-13
-1.3614E+02 9.2854E-13
-1.3531E+02 1.1935E-12
-1.3447E+02 1.5319E-12
-1.3364E+02 1.9629E-12
-1.3280E+02 2.5119E-12
-1.3197E+02 3.2085E-12
-1.3114E+02 4.0931E-12
-1.3030E+02 5.2126E-12
-1.2947E+02 6.6283E-12
-1.2864E+02 8.4152E-12
-1.2780E+02 1.0667E-11
-1.2697E+02 1.3505E-11
-1.2613E+02 1.7065E-11
-1.2530E+02 2.1534E-11
-1.2447E+02 2.7130E-11
-1.2363E+02 3.4127E-11
-1.2280E+02 4.2864E-11
-1.2196E+02 5.3756E-11
-1.2113E+02 6.7303E-11
-1.2030E+02 8.4146E-11
-1.1946E+02 1.0503E-10
-1.1863E+02 1.3092E-10
-1.1779E+02 1.6288E-10
-1.1696E+02 2.0238E-10
-1.1613E+02 2.5109E-10
-1.1529E+02 3.1101E-10
-1.1446E+02 3.8463E-10
-1.1363E+02 4.7495E-10
-1.1279E+02 5.8561E-10
-1.1196E+02 7.2083E-10
-1.1112E+02 8.8594E-10
-1.1029E+02 1.0873E-09
-1.0946E+02 1.3323E-09
-1.0862E+02 1.6300E-09
-1.0779E+02 1.9911E-09
-1.0695E+02 2.4284E-09
-1.0612E+02 2.9574E-09
-1.0529E+02 3.5955E-09
-1.0445E+02 4.3651E-09
-1.0362E+02 5.2908E-09
-1.0278E+02 6.4040E-09
-1.0195E+02 7.7385E-09
-1.0112E+02 9.3365E-09
-1.0028E+02 1.1247E-08
-9.9449E+01 1.3529E-08
-9.8615E+01 1.6247E-08
-9.7781E+01 1.9480E-08
-9.6947E+01 2.3325E-08
-9.6114E+01 2.7879E-08
-9.5280E+01 3.3280E-08
-9.4446E+01 3.9655E-08
-9.3612E+01 4.7188E-08
-9.2778E+01 5.6061E-08
-9.1944E+01 6.6496E-08
-9.1110E+01 7.8754E-08
-9.0276E+01 9.3131E-08
-8.9442E+01 1.0996E-07
-8.8608E+01 1.2963E-07
-8.7775E+01 1.5258E-07
-8.6941E+01 1.7931E-07
-8.6107E+01 2.1043E-07
-8.5273E+01 2.4656E-07
-8.4439E+01 2.8840E-07
-8.3605E+01 3.3684E-07
-8.2771E+01 3.9286E-07
-8.1937E+01 4.5745E-07
-8.1103E+01 5.3181E-07
-8.0270E+01 6.1733E-07
-7.9436E+01 7.1548E-07
-7.8602E+01 8.2790E-07
-7.7768E+01 9.5659E-07
-7.6934E+01 1.1036E-06
-7.6100E+01 1.2713E-06
-7.5266E+01 1.4621E-06
-7.4432E+01 1.6790E-06
-7.3598E+01 1.9249E-06
-7.2765E+01 2.2035E-06
-7.1931E+01 2.5188E-06
-7.1097E+01 2.8745E-06
-7.0263E+01 3.2755E-06
-6.9429E+01 3.7268E-06
-6.8595E+01 4.2335E-06
-6.7761E+01 4.8018E-06
-6.6927E+01 5.4373E-06
-6.6093E+01 6.1480E-06
-6.5260E+01 6.9408E-06
-6.4426E+01 7.8242E-06
-6.3592E+01 8.8055E-06
-6.2758E+01 9.8951E-06
-6.1924E+01 1.1103E-05
-6.1090E+01 1.2438E-05
-6.0256E+01 1.3913E-05
-5.9422E+01 1.5537E-05
-5.8588E+01 1.7327E-05
-5.7755E+01 1.9289E-05
-5.6921E+01 2.1444E-05
-5.6087E+01 2.3803E-05
-5.5253E+01 2.6378E-05
-5.4419E+01 2.9189E-05
-5.3585E+01 3.2246E-05
-5.2751E+01 3.5571E-05
-5.1917E+01 3.9178E-05
-5.1083E+01 4.3087E-05
-5.0250E+01 4.7308E-05
-4.9416E+01 5.1852E-05
-4.8582E+01 5.6771E-05
-4.7748E+01 6.2039E-05
-4.6914E+01 6.7705E-05
-4.6080E+01 7.3768E-05
-4.5246E+01 8.0253E-05
-4.4412E+01 8.7159E-05
-4.3578E+01 9.4527E-05
-4.2745E+01 1.0235E-04
-4.1911E+01 1.1067E-04
-4.1077E+01 1.1946E-04
-4.0243E+01 1.2875E-04
-3.9409E+01 1.3857E-04
-3.8575E+01 1.4889E-04
-3.7741E+01 1.5973E-04
-3.6907E+01 1.7108E-04
-3.6073E+01 1.8300E-04
-3.5240E+01 1.9541E-04
-3.4406E+01 2.0835E-04
-3.3572E+01 2.2183E-04
-3.2738E+01 2.3579E-04
-3.1904E+01 2.5023E-04
-3.1070E+01 2.6517E-04
-3.0236E+01 2.8054E-04
-2.9402E+01 2.9635E-04
-2.8568E+01 3.1256E-04
-2.7735E+01 3.2920E-04
-2.6901E+01 3.4615E-04
-2.6067E+01 3.6342E-04
-2.5233E+01 3.8096E-04
-2.4399E+01 3.9869E-04
-2.3565E+01 4.1669E-04
-2.2731E+01 4.3472E-04
-2.1897E+01 4.5290E-04
-2.1063E+01 4.7111E-04
-2.0230E+01 4.8927E-04
-1.9396E+01 5.0737E-04
-1.8562E+01 5.2538E-04
-1.7728E+01 5.4311E-04
-1.6894E+01 5.6056E-04
-1.6060E+01 5.7776E-04
-1.5226E+01 5.9451E-04
-1.4392E+01 6.1075E-04
-1.3558E+01 6.2654E-04
-1.2725E+01 6.4172E-04
-1.1891E+01 6.5628E-04
-1.1057E+01 6.7001E-04
-1.0223E+01 6.8310E-04
-9.3890E+00 6.9536E-04
-8.5551E+00 7.0676E-04
-7.7212E+00 7.1723E-04
-6.8873E+00 7.2669E-04
-6.0534E+00 7.3518E-04
-5.2196E+00 7.4255E-04
-4.3857E+00 7.4893E-04
-3.5518E+00 7.5416E-04
-2.7179E+00 7.5819E-04
-1.8840E+00 7.6115E-04
-1.0501E+00 7.6292E-04
-2.1622E-01 7.6348E-04
 6.1766E-01 7.6290E-04
 1.4516E+00 7.6113E-04
 2.2854E+00 7.5819E-04
 3.1193E+00 7.5416E-04
 3.9532E+00 7.4889E-04
 4.7871E+00 7.4250E-04
 5.6210E+00 7.3515E-04
 6.4549E+00 7.2665E-04
 7.2888E+00 7.1720E-04
 8.1227E+00 7.0673E-04
 8.9566E+00 6.9533E-04
 9.7904E+00 6.8309E-04
 1.0624E+01 6.7000E-04
 1.1458E+01 6.5620E-04
 1.2292E+01 6.4167E-04
 1.3126E+01 6.2647E-04
 1.3960E+01 6.1065E-04
 1.4794E+01 5.9441E-04
 1.5628E+01 5.7770E-04
 1.6462E+01 5.6050E-04
 1.7295E+01 5.4300E-04
 1.8129E+01 5.2532E-04
 1.8963E+01 5.0730E-04
 1.9797E+01 4.8919E-04
 2.0631E+01 4.7103E-04
 2.1465E+01 4.5282E-04
 2.2299E+01 4.3466E-04
 2.3133E+01 4.1660E-04
 2.3967E+01 3.9863E-04
 2.4800E+01 3.8088E-04
 2.5634E+01 3.6334E-04
 2.6468E+01 3.4609E-04
 2.7302E+01 3.2914E-04
 2.8136E+01 3.1252E-04
 2.8970E+01 2.9630E-04
 2.9804E+01 2.8047E-04
 3.0638E+01 2.6510E-04
 3.1472E+01 2.5018E-04
 3.2305E+01 2.3572E-04
 3.3139E+01 2.2177E-04
 3.3973E+01 2.0831E-04
 3.4807E+01 1.9538E-04
 3.5641E+01 1.8295E-04
 3.6475E+01 1.7105E-04
 3.7309E+01 1.5969E-04
 3.8143E+01 1.4885E-04
 3.8977E+01 1.3853E-04
 3.9810E+01 1.2872E-04
 4.0644E+01 1.1942E-04
 4.1478E+01 1.1063E-04
 4.2312E+01 1.0233E-04
 4.3146E+01 9.4495E-05
 4.3980E+01 8.7129E-05
 4.4814E+01 8.0222E-05
 4.5648E+01 7.3739E-05
 4.6482E+01 6.7681E-05
 4.7315E+01 6.2028E-05
 4.8149E+01 5.6748E-05
 4.8983E+01 5.1841E-05
 4.9817E+01 4.7289E-05
 5.0651E+01 4.3070E-05
 5.1485E+01 3.9167E-05
 5.2319E+01 3.5557E-05
 5.3153E+01 3.2235E-05
 5.3987E+01 2.9177E-05
 5.4820E+01 2.6370E-05
 5.5654E+01 2.3794E-05
 5.6488E+01 2.1436E-05
 5.7322E+01 1.9282E-05
 5.8156E+01 1.7320E-05
 5.8990E+01 1.5532E-05
 5.9824E+01 1.3906E-05
 6.0658E+01 1.2432E-05
 6.1492E+01 1.1098E-05
 6.2325E+01 9.8900E-06
 6.3159E+01 8.8013E-06
 6.3993E+01 7.8207E-06
 6.4827E+01 6.9374E-06
 6.5661E+01 6.1453E-06
 6.6495E+01 5.4351E-06
 6.7329E+01 4.7990E-06
 6.8163E+01 4.2312E-06
 6.8997E+01 3.7248E-06
 6.9830E+01 3.2742E-06
 7.0664E+01 2.8731E-06
 7.1498E+01 2.5176E-06
 7.2332E+01 2.2024E-06
 7.3166E+01 1.9241E-06
 7.4000E+01 1.6781E-06
 7.4834E+01 1.4613E-06
 7.5668E+01 1.2704E-06
 7.6502E+01 1.1030E-06
 7.7335E+01 9.5614E-07
 7.8169E+01 8.2753E-07
 7.9003E+01 7.1509E-07
 7.9837E+01 6.1691E-07
 8.0671E+01 5.3147E-07
 8.1505E+01 4.5713E-07
 8.2339E+01 3.9263E-07
 8.3173E+01 3.3667E-07
 8.4007E+01 2.8821E-07
 8.4840E+01 2.4637E-07
 8.5674E+01 2.1030E-07
 8.6508E+01 1.7921E-07
 8.7342E+01 1.5248E-07
 8.8176E+01 1.2953E-07
 8.9010E+01 1.0989E-07
 8.9844E+01 9.3072E-08
 9.0678E+01 7.8709E-08
 9.1512E+01 6.6447E-08
 9.2345E+01 5.6019E-08
 9.3179E+01 4.7155E-08
 9.4013E+01 3.9628E-08
 9.4847E+01 3.3256E-08
 9.5681E+01 2.7861E-08
 9.6515E+01 2.3308E-08
 9.7349E+01 1.9467E-08
 9.8183E+01 1.6234E-08
 9.9017E+01 1.3519E-08
 9.9851E+01 1.1240E-08
 1.0068E+02 9.3302E-09
 1.0152E+02 7.7324E-09
 1.0235E+02 6.3992E-09
 1.0319E+02 5.2873E-09
 1.0402E+02 4.3622E-09
 1.0485E+02 3.5929E-09
 1.0569E+02 2.9548E-09
 1.0652E+02 2.4266E-09
 1.0736E+02 1.9893E-09
 1.0819E+02 1.6287E-09
 1.0902E+02 1.3312E-09
 1.0986E+02 1.0864E-09
 1.1069E+02 8.8528E-10
 1.1152E+02 7.2033E-10
 1.1236E+02 5.8511E-10
 1.1319E+02 4.7454E-10
 1.1403E+02 3.8431E-10
 1.1486E+02 3.1076E-10
 1.1569E+02 2.5087E-10
 1.1653E+02 2.0224E-10
 1.1736E+02 1.6276E-10
 1.1820E+02 1.3080E-10
 1.1903E+02 1.0495E-10
 1.1986E+02 8.4076E-11
 1.2070E+02 6.7249E-11
 1.2153E+02 5.3715E-11
 1.2237E+02 4.2827E-11
 1.2320E+02 3.4098E-11
 1.2403E+02 2.7103E-11
 1.2487E+02 2.1514E-11
 1.2570E+02 1.7051E-11
 1.2653E+02 1.3492E-11
 1.2737E+02 1.0659E-11
 1.2820E+02 8.4075E-12
 1.2904E+02 6.6218E-12
 1.2987E+02 5.2081E-12
 1.3070E+02 4.0891E-12
 1.3154E+02 3.2056E-12
 1.3237E+02 2.5094E-12
 1.3321E+02 1.9613E-12
 1.3404E+02 1.5304E-12
 1.3487E+02 1.1923E-12
 1.3571E+02 9.2752E-13
 1.3654E+02 7.2045E-13
 1.3738E+02 5.5876E-13
 1.3821E+02 4.3272E-13
 1.3904E+02 3.3454E-13
 1.3988E+02 2.5820E-13
 1.4071E+02 1.9903E-13
 1.4154E+02 1.5317E-13
 1.4238E+02 1.1769E-13
 1.4321E+02 9.0291E-14
 1.4405E+02 6.9175E-14
 1.4488E+02 5.2892E-14
 1.4571E+02 4.0394E-14
 1.4655E+02 3.0798E-14
 1.4738E+02 2.3450E-14
 1.4822E+02 1.7822E-14
 1.4905E+02 1.3526E-14
 1.4988E+02 1.0252E-14
 1.5072E+02 7.7559E-15
 1.5155E+02 5.8590E-15
 1.5239E+02 4.4189E-15
 1.5322E+02 3.3279E-15
 1.5405E+02 2.5026E-15
 1.5489E+02 1.8787E-15
 1.5572E+02 1.4083E-15
 1.5655E+02 1.0540E-15
 1.5739E+02 7.8771E-16
 1.5822E+02 5.8774E-16
 1.5906E+02 4.3787E-16
 1.5989E+02 3.2571E-16
 1.6072E+02 2.4188E-16
 1.6156E+02 1.7941E-16
 1.6239E+02 1.3280E-16
 1.6323E+02 9.8189E-17
 1.6406E+02 7.2473E-17
 1.6489E+02 5.3411E-17
 1.6573E+02 3.9299E-17
 1.6656E+02 2.8876E-17
