-1.6616E+02 4.0177E-17
-1.6533E+02 5.4603E-17
-1.6449E+02 7.4088E-17
-1.6366E+02 1.0038E-16
-1.6282E+02 1.3577E-16
-1.6199E+02 1.8337E-16
-1.6116E+02 2.4730E-16
-1.6032E+02 3.3294E-16
-1.5949E+02 4.4760E-16
-1.5866E+02 6.0078E-16
-1.5782E+02 8.0519E-16
-1.5699E+02 1.0775E-15
-1.5615E+02 1.4396E-15
-1.5532E+02 1.9204E-15
-1.5449E+02 2.5580E-15
-1.5365E+02 3.4019E-15
-1.5282E+02 4.5170E-15
-1.5198E+02 5.9887E-15
-1.5115E+02 7.9280E-15
-1.5032E+02 1.0478E-14
-1.4948E+02 1.3827E-14
-1.4865E+02 1.8220E-14
-1.4781E+02 2.3968E-14
-1.4698E+02 3.1481E-14
-1.4615E+02 4.1288E-14
-1.4531E+02 5.4075E-14
-1.4448E+02 7.0704E-14
-1.4365E+02 9.2297E-14
-1.4281E+02 1.2029E-13
-1.4198E+02 1.5657E-13
-1.4114E+02 2.0343E-13
-1.4031E+02 2.6392E-13
-1.3948E+02 3.4191E-13
-1.3864E+02 4.4225E-13
-1.3781E+02 5.7112E-13
-1.3697E+02 7.3635E-13
-1.3614E+02 9.4811E-13
-1.3531E+02 1.2187E-12
-1.3447E+02 1.5642E-12
-1.3364E+02 2.0044E-12
-1.3280E+02 2.5648E-12
-1.3197E+02 3.2765E-12
-1.3114E+02 4.1792E-12
-1.3030E+02 5.3226E-12
-1.2947E+02 6.7677E-12
-1.2864E+02 8.5929E-12
-1.2780E+02 1.0894E-11
-1.2697E+02 1.3788E-11
-1.2613E+02 1.7424E-11
-1.2530E+02 2.1989E-11
-1.2447E+02 2.7700E-11
-1.2363E+02 3.4843E-11
-1.2280E+02 4.3767E-11
-1.2196E+02 5.4889E-11
-1.2113E+02 6.8724E-11
-1.2030E+02 8.5921E-11
-1.1946E+02 1.0724E-10
-1.1863E+02 1.3366E-10
-1.1779E+02 1.6633E-10
-1.1696E+02 2.0668E-10
-1.1613E+02 2.5639E-10
-1.1529E+02 3.1757E-10
-1.1446E+02 3.9276E-10
-1.1363E+02 4.8498E-10
-1.1279E+02 5.9795E-10
-1.1196E+02 7.3601E-10
-1.1112E+02 9.0467E-10
-1.1029E+02 1.1102E-09
-1.0946E+02 1.3604E-09
-1.0862E+02 1.6644E-09
-1.0779E+02 2.0332E-09
-1.0695E+02 2.4795E-09
-1.0612E+02 3.0196E-09
-1.0529E+02 3.6716E-09
-1.0445E+02 4.4569E-09
-1.0362E+02 5.4026E-09
-1.0278E+02 6.5384E-09
-1.0195E+02 7.9026E-09
-1.0112E+02 9.5341E-09
-1.0028E+02 1.1484E-08
-9.9449E+01 1.3814E-08
-9.8615E+01 1.6591E-08
-9.7781E+01 1.9892E-08
-9.6947E+01 2.3817E-08
-9.6114E+01 2.8470E-08
-9.5280E+01 3.3977E-08
-9.4446E+01 4.0491E-08
-9.3612E+01 4.8178E-08
-9.2778E+01 5.7233E-08
-9.1944E+01 6.7900E-08
-9.1110E+01 8.0416E-08
-9.0276E+01 9.5096E-08
-8.9442E+01 1.1227E-07
-8.8608E+01 1.3236E-07
-8.7775E+01 1.5582E-07
-8.6941E+01 1.8310E-07
-8.6107E+01 2.1489E-07
-8.5273E+01 2.5174E-07
-8.4439E+01 2.9449E-07
-8.3605E+01 3.4396E-07
-8.2771E+01 4.0115E-07
-8.1937E+01 4.6709E-07
-8.1103E+01 5.4303E-07
-8.0270E+01 6.3033E-07
-7.9436E+01 7.3055E-07
-7.8602E+01 8.4550E-07
-7.7768E+01 9.7687E-07
-7.6934E+01 1.1270E-06
-7.6100E+01 1.2981E-06
-7.5266E+01 1.4929E-06
-7.4432E+01 1.7144E-06
-7.3598E+01 1.9656E-06
-7.2765E+01 2.2501E-06
-7.1931E+01 2.5717E-06
-7.1097E+01 2.9355E-06
-7.0263E+01 3.3444E-06
-6.9429E+01 3.8050E-06
-6.8595E+01 4.3228E-06
-6.7761E+01 4.9026E-06
-6.6927E+01 5.5521E-06
-6.6093E+01 6.2778E-06
-6.5260E+01 7.0870E-06
-6.4426E+01 7.9892E-06
-6.3592E+01 8.9914E-06
-6.2758E+01 1.0105E-05
-6.1924E+01 1.1337E-05
-6.1090E+01 1.2702E-05
-6.0256E+01 1.4207E-05
-5.9422E+01 1.5867E-05
-5.8588E+01 1.7693E-05
-5.7755E+01 1.9698E-05
-5.6921E+01 2.1898E-05
-5.6087E+01 2.4305E-05
-5.5253E+01 2.6936E-05
-5.4419E+01 2.9804E-05
-5.3585E+01 3.2928E-05
-5.2751E+01 3.6321E-05
-5.1917E+01 4.0005E-05
-5.1083E+01 4.3991E-05
-5.0250E+01 4.8309E-05
-4.9416E+01 5.2957E-05
-4.8582E+01 5.7965E-05
-4.7748E+01 6.3360E-05
-4.6914E+01 6.9132E-05
-4.6080E+01 7.5324E-05
-4.5246E+01 8.1942E-05
-4.4412E+01 8.9005E-05
-4.3578E+01 9.6524E-05
-4.2745E+01 1.0451E-04
-4.1911E+01 1.1301E-04
-4.1077E+01 1.2198E-04
-4.0243E+01 1.3147E-04
-3.9409E+01 1.4149E-04
-3.8575E+01 1.5203E-04
-3.7741E+01 1.6311E-04
-3.6907E+01 1.7470E-04
-3.6073E+01 1.8686E-04
-3.5240E+01 1.9955E-04
-3.4406E+01 2.1274E-04
-3.3572E+01 2.2649E-04
-3.2738E+01 2.4075E-04
-3.1904E+01 2.5550E-04
-3.1070E+01 2.7076E-04
-3.0236E+01 2.8642E-04
-2.9402E+01 3.0262E-04
-2.8568E+01 3.1915E-04
-2.7735E+01 3.3615E-04
-2.6901E+01 3.5342E-04
-2.6067E+01 3.7108E-04
-2.5233E+01 3.8903E-04
-2.4399E+01 4.0711E-04
-2.3565E+01 4.2544E-04
-2.2731E+01 4.4393E-04
-2.1897E+01 4.6249E-04
-2.1063E+01 4.8105E-04
-2.0230E+01 4.9962E-04
-1.9396E+01 5.1818E-04
-1.8562E+01 5.3641E-04
-1.7728E+01 5.5452E-04
-1.6894E+01 5.7239E-04
-1.6060E+01 5.8987E-04
-1.5226E+01 6.0701E-04
-1.4392E+01 6.2362E-04
-1.3558E+01 6.3977E-04
-1.2725E+01 6.5522E-04
-1.1891E+01 6.7012E-04
-1.1057E+01 6.8426E-04
-1.0223E+01 6.9761E-04
-9.3890E+00 7.1011E-04
-8.5551E+00 7.2162E-04
-7.7212E+00 7.3241E-04
-6.8873E+00 7.4212E-04
-6.0534E+00 7.5068E-04
-5.2196E+00 7.5827E-04
-4.3857E+00 7.6473E-04
-3.5518E+00 7.6997E-04
-2.7179E+00 7.7422E-04
-1.8840E+00 7.7732E-04
-1.0501E+00 7.7906E-04
-2.1622E-01 7.7963E-04
 6.1766E-01 7.7902E-04
 1.4516E+00 7.7732E-04
 2.2854E+00 7.7422E-04
 3.1193E+00 7.6996E-04
 3.9532E+00 7.6470E-04
 4.7871E+00 7.5821E-04
 5.6210E+00 7.5062E-04
 6.4549E+00 7.4206E-04
 7.2888E+00 7.3234E-04
 8.1227E+00 7.2160E-04
 8.9566E+00 7.1008E-04
 9.7904E+00 6.9758E-04
 1.0624E+01 6.8423E-04
 1.1458E+01 6.7008E-04
 1.2292E+01 6.5514E-04
 1.3126E+01 6.3971E-04
 1.3960E+01 6.2357E-04
 1.4794E+01 6.0696E-04
 1.5628E+01 5.8985E-04
 1.6462E+01 5.7233E-04
 1.7295E+01 5.5442E-04
 1.8129E+01 5.3635E-04
 1.8963E+01 5.1806E-04
 1.9797E+01 4.9956E-04
 2.0631E+01 4.8097E-04
 2.1465E+01 4.6243E-04
 2.2299E+01 4.4386E-04
 2.3133E+01 4.2539E-04
 2.3967E+01 4.0705E-04
 2.4800E+01 3.8892E-04
 2.5634E+01 3.7101E-04
 2.6468E+01 3.5337E-04
 2.7302E+01 3.3609E-04
 2.8136E+01 3.1912E-04
 2.8970E+01 3.0255E-04
 2.9804E+01 2.8640E-04
 3.0638E+01 2.7071E-04
 3.1472E+01 2.5544E-04
 3.2305E+01 2.4069E-04
 3.3139E+01 2.2645E-04
 3.3973E+01 2.1271E-04
 3.4807E+01 1.9949E-04
 3.5641E+01 1.8681E-04
 3.6475E+01 1.7467E-04
 3.7309E+01 1.6307E-04
 3.8143E+01 1.5199E-04
 3.8977E+01 1.4146E-04
 3.9810E+01 1.3145E-04
 4.0644E+01 1.2195E-04
 4.1478E+01 1.1296E-04
 4.2312E+01 1.0448E-04
 4.3146E+01 9.6493E-05
 4.3980E+01 8.8977E-05
 4.4814E+01 8.1917E-05
 4.5648E+01 7.5299E-05
 4.6482E+01 6.9108E-05
 4.7315E+01 6.3332E-05
 4.8149E+01 5.7950E-05
 4.8983E+01 5.2941E-05
 4.9817E+01 4.8288E-05
 5.0651E+01 4.3976E-05
 5.1485E+01 3.9990E-05
 5.2319E+01 3.6309E-05
 5.3153E+01 3.2920E-05
 5.3987E+01 2.9795E-05
 5.4820E+01 2.6924E-05
 5.5654E+01 2.4297E-05
 5.6488E+01 2.1889E-05
 5.7322E+01 1.9689E-05
 5.8156E+01 1.7685E-05
 5.8990E+01 1.5860E-05
 5.9824E+01 1.4203E-05
 6.0658E+01 1.2695E-05
 6.1492E+01 1.1333E-05
 6.2325E+01 1.0100E-05
 6.3159E+01 8.9869E-06
 6.3993E+01 7.9846E-06
 6.4827E+01 7.0843E-06
 6.5661E+01 6.2750E-06
 6.6495E+01 5.5498E-06
 6.7329E+01 4.9008E-06
 6.8163E+01 4.3207E-06
 6.8997E+01 3.8037E-06
 6.9830E+01 3.3432E-06
 7.0664E+01 2.9337E-06
 7.1498E+01 2.5708E-06
 7.2332E+01 2.2490E-06
 7.3166E+01 1.9646E-06
 7.4000E+01 1.7136E-06
 7.4834E+01 1.4922E-06
 7.5668E+01 1.2974E-06
 7.6502E+01 1.1264E-06
 7.7335E+01 9.7636E-07
 7.8169E+01 8.4489E-07
 7.9003E+01 7.3019E-07
 7.9837E+01 6.2997E-07
 8.0671E+01 5.4272E-07
 8.1505E+01 4.6681E-07
 8.2339E+01 4.0093E-07
 8.3173E+01 3.4374E-07
 8.4007E+01 2.9432E-07
 8.4840E+01 2.5161E-07
 8.5674E+01 2.1471E-07
 8.6508E+01 1.8300E-07
 8.7342E+01 1.5571E-07
 8.8176E+01 1.3229E-07
 8.9010E+01 1.1221E-07
 8.9844E+01 9.5037E-08
 9.0678E+01 8.0363E-08
 9.1512E+01 6.7855E-08
 9.2345E+01 5.7202E-08
 9.3179E+01 4.8152E-08
 9.4013E+01 4.0468E-08
 9.4847E+01 3.3959E-08
 9.5681E+01 2.8449E-08
 9.6515E+01 2.3801E-08
 9.7349E+01 1.9879E-08
 9.8183E+01 1.6578E-08
 9.9017E+01 1.3804E-08
 9.9851E+01 1.1476E-08
 1.0068E+02 9.5267E-09
 1.0152E+02 7.8952E-09
 1.0235E+02 6.5345E-09
 1.0319E+02 5.3993E-09
 1.0402E+02 4.4539E-09
 1.0485E+02 3.6691E-09
 1.0569E+02 3.0174E-09
 1.0652E+02 2.4780E-09
 1.0736E+02 2.0315E-09
 1.0819E+02 1.6632E-09
 1.0902E+02 1.3594E-09
 1.0986E+02 1.1095E-09
 1.1069E+02 9.0399E-10
 1.1152E+02 7.3545E-10
 1.1236E+02 5.9742E-10
 1.1319E+02 4.8455E-10
 1.1403E+02 3.9245E-10
 1.1486E+02 3.1728E-10
 1.1569E+02 2.5614E-10
 1.1653E+02 2.0648E-10
 1.1736E+02 1.6621E-10
 1.1820E+02 1.3356E-10
 1.1903E+02 1.0716E-10
 1.1986E+02 8.5853E-11
 1.2070E+02 6.8673E-11
 1.2153E+02 5.4845E-11
 1.2237E+02 4.3732E-11
 1.2320E+02 3.4818E-11
 1.2403E+02 2.7678E-11
 1.2487E+02 2.1969E-11
 1.2570E+02 1.7410E-11
 1.2653E+02 1.3776E-11
 1.2737E+02 1.0884E-11
 1.2820E+02 8.5857E-12
 1.2904E+02 6.7622E-12
 1.2987E+02 5.3177E-12
 1.3070E+02 4.1754E-12
 1.3154E+02 3.2734E-12
 1.3237E+02 2.5621E-12
 1.3321E+02 2.0026E-12
 1.3404E+02 1.5628E-12
 1.3487E+02 1.2176E-12
 1.3571E+02 9.4721E-13
 1.3654E+02 7.3574E-13
 1.3738E+02 5.7059E-13
 1.3821E+02 4.4182E-13
 1.3904E+02 3.4159E-13
 1.3988E+02 2.6369E-13
 1.4071E+02 2.0326E-13
 1.4154E+02 1.5639E-13
 1.4238E+02 1.2019E-13
 1.4321E+02 9.2201E-14
 1.4405E+02 7.0623E-14
 1.4488E+02 5.4017E-14
 1.4571E+02 4.1252E-14
 1.4655E+02 3.1451E-14
 1.4738E+02 2.3944E-14
 1.4822E+02 1.8202E-14
 1.4905E+02 1.3813E-14
 1.4988E+02 1.0466E-14
 1.5072E+02 7.9191E-15
 1.5155E+02 5.9827E-15
 1.5239E+02 4.5122E-15
 1.5322E+02 3.3980E-15
 1.5405E+02 2.5550E-15
 1.5489E+02 1.9184E-15
 1.5572E+02 1.4381E-15
 1.5655E+02 1.0764E-15
 1.5739E+02 8.0442E-16
 1.5822E+02 6.0017E-16
 1.5906E+02 4.4714E-16
 1.5989E+02 3.3259E-16
 1.6072E+02 2.4700E-16
 1.6156E+02 1.8318E-16
 1.6239E+02 1.3562E-16
 1.6323E+02 1.0026E-16
 1.6406E+02 7.4011E-17
 1.6489E+02 5.4545E-17
 1.6573E+02 4.0130E-17
 1.6656E+02 2.9482E-17
