-1.6616E+02 4.2355E-17
-1.6533E+02 5.7560E-17
-1.6449E+02 7.8103E-17
-1.6366E+02 1.0582E-16
-1.6282E+02 1.4315E-16
-1.6199E+02 1.9330E-16
-1.6116E+02 2.6068E-16
-1.6032E+02 3.5101E-16
-1.5949E+02 4.7185E-16
-1.5866E+02 6.3336E-16
-1.5782E+02 8.4881E-16
-1.5699E+02 1.1359E-15
-1.5615E+02 1.5175E-15
-1.5532E+02 2.0244E-15
-1.5449E+02 2.6965E-15
-1.5365E+02 3.5865E-15
-1.5282E+02 4.7617E-15
-1.5198E+02 6.3128E-15
-1.5115E+02 8.3567E-15
-1.5032E+02 1.1045E-14
-1.4948E+02 1.4575E-14
-1.4865E+02 1.9206E-14
-1.4781E+02 2.5267E-14
-1.4698E+02 3.3192E-14
-1.4615E+02 4.3529E-14
-1.4531E+02 5.7002E-14
-1.4448E+02 7.4527E-14
-1.4365E+02 9.7294E-14
-1.4281E+02 1.2682E-13
-1.4198E+02 1.6505E-13
-1.4114E+02 2.1449E-13
-1.4031E+02 2.7824E-13
-1.3948E+02 3.6044E-13
-1.3864E+02 4.6621E-13
-1.3781E+02 6.0205E-13
-1.3697E+02 7.7627E-13
-1.3614E+02 9.9946E-13
-1.3531E+02 1.2846E-12
-1.3447E+02 1.6488E-12
-1.3364E+02 2.1130E-12
-1.3280E+02 2.7035E-12
-1.3197E+02 3.4540E-12
-1.3114E+02 4.4056E-12
-1.3030E+02 5.6108E-12
-1.2947E+02 7.1353E-12
-1.2864E+02 9.0590E-12
-1.2780E+02 1.1484E-11
-1.2697E+02 1.4536E-11
-1.2613E+02 1.8371E-11
-1.2530E+02 2.3179E-11
-1.2447E+02 2.9206E-11
-1.2363E+02 3.6736E-11
-1.2280E+02 4.6135E-11
-1.2196E+02 5.7867E-11
-1.2113E+02 7.2444E-11
-1.2030E+02 9.0574E-11
-1.1946E+02 1.1306E-10
-1.1863E+02 1.4090E-10
-1.1779E+02 1.7535E-10
-1.1696E+02 2.1787E-10
-1.1613E+02 2.7027E-10
-1.1529E+02 3.3476E-10
-1.1446E+02 4.1401E-10
-1.1363E+02 5.1123E-10
-1.1279E+02 6.3036E-10
-1.1196E+02 7.7600E-10
-1.1112E+02 9.5373E-10
-1.1029E+02 1.1705E-09
-1.0946E+02 1.4342E-09
-1.0862E+02 1.7545E-09
-1.0779E+02 2.1431E-09
-1.0695E+02 2.6139E-09
-1.0612E+02 3.1828E-09
-1.0529E+02 3.8700E-09
-1.0445E+02 4.6993E-09
-1.0362E+02 5.6954E-09
-1.0278E+02 6.8928E-09
-1.0195E+02 8.3293E-09
-1.0112E+02 1.0051E-08
-1.0028E+02 1.2108E-08
-9.9449E+01 1.4563E-08
-9.8615E+01 1.7488E-08
-9.7781E+01 2.0969E-08
-9.6947E+01 2.5107E-08
-9.6114E+01 3.0012E-08
-9.5280E+01 3.5818E-08
-9.4446E+01 4.2685E-08
-9.3612E+01 5.0788E-08
-9.2778E+01 6.0339E-08
-9.1944E+01 7.1580E-08
-9.1110E+01 8.4778E-08
-9.0276E+01 1.0025E-07
-8.9442E+01 1.1834E-07
-8.8608E+01 1.3953E-07
-8.7775E+01 1.6424E-07
-8.6941E+01 1.9302E-07
-8.6107E+01 2.2648E-07
-8.5273E+01 2.6539E-07
-8.4439E+01 3.1045E-07
-8.3605E+01 3.6263E-07
-8.2771E+01 4.2284E-07
-8.1937E+01 4.9242E-07
-8.1103E+01 5.7241E-07
-8.0270E+01 6.6447E-07
-7.9436E+01 7.7019E-07
-7.8602E+01 8.9120E-07
-7.7768E+01 1.0298E-06
-7.6934E+01 1.1880E-06
-7.6100E+01 1.3684E-06
-7.5266E+01 1.5740E-06
-7.4432E+01 1.8073E-06
-7.3598E+01 2.0721E-06
-7.2765E+01 2.3721E-06
-7.1931E+01 2.7112E-06
-7.1097E+01 3.0944E-06
-7.0263E+01 3.5258E-06
-6.9429E+01 4.0113E-06
-6.8595E+01 4.5569E-06
-6.7761E+01 5.1685E-06
-6.6927E+01 5.8531E-06
-6.6093E+01 6.6184E-06
-6.5260E+01 7.4719E-06
-6.4426E+01 8.4224E-06
-6.3592E+01 9.4790E-06
-6.2758E+01 1.0651E-05
-6.1924E+01 1.1952E-05
-6.1090E+01 1.3388E-05
-6.0256E+01 1.4976E-05
-5.9422E+01 1.6727E-05
-5.8588E+01 1.8651E-05
-5.7755E+01 2.0766E-05
-5.6921E+01 2.3084E-05
-5.6087E+01 2.5622E-05
-5.5253E+01 2.8394E-05
-5.4419E+01 3.1419E-05
-5.3585E+01 3.4714E-05
-5.2751E+01 3.8289E-05
-5.1917E+01 4.2180E-05
-5.1083E+01 4.6375E-05
-5.0250E+01 5.0921E-05
-4.9416E+01 5.5828E-05
-4.8582E+01 6.1104E-05
-4.7748E+01 6.6784E-05
-4.6914E+01 7.2879E-05
-4.6080E+01 7.9402E-05
-4.5246E+01 8.6384E-05
-4.4412E+01 9.3830E-05
-4.3578E+01 1.0176E-04
-4.2745E+01 1.1017E-04
-4.1911E+01 1.1912E-04
-4.1077E+01 1.2860E-04
-4.0243E+01 1.3862E-04
-3.9409E+01 1.4917E-04
-3.8575E+01 1.6027E-04
-3.7741E+01 1.7194E-04
-3.6907E+01 1.8416E-04
-3.6073E+01 1.9697E-04
-3.5240E+01 2.1037E-04
-3.4406E+01 2.2427E-04
-3.3572E+01 2.3877E-04
-3.2738E+01 2.5379E-04
-3.1904E+01 2.6936E-04
-3.1070E+01 2.8545E-04
-3.0236E+01 3.0200E-04
-2.9402E+01 3.1899E-04
-2.8568E+01 3.3647E-04
-2.7735E+01 3.5435E-04
-2.6901E+01 3.7260E-04
-2.6067E+01 3.9119E-04
-2.5233E+01 4.1006E-04
-2.4399E+01 4.2921E-04
-2.3565E+01 4.4852E-04
-2.2731E+01 4.6797E-04
-2.1897E+01 4.8761E-04
-2.1063E+01 5.0713E-04
-2.0230E+01 5.2667E-04
-1.9396E+01 5.4618E-04
-1.8562E+01 5.6547E-04
-1.7728E+01 5.8461E-04
-1.6894E+01 6.0343E-04
-1.6060E+01 6.2188E-04
-1.5226E+01 6.3990E-04
-1.4392E+01 6.5748E-04
-1.3558E+01 6.7444E-04
-1.2725E+01 6.9078E-04
-1.1891E+01 7.0643E-04
-1.1057E+01 7.2133E-04
-1.0223E+01 7.3540E-04
-9.3890E+00 7.4856E-04
-8.5551E+00 7.6083E-04
-7.7212E+00 7.7204E-04
-6.8873E+00 7.8225E-04
-6.0534E+00 7.9138E-04
-5.2196E+00 7.9922E-04
-4.3857E+00 8.0612E-04
-3.5518E+00 8.1176E-04
-2.7179E+00 8.1618E-04
-1.8840E+00 8.1935E-04
-1.0501E+00 8.2120E-04
-2.1622E-01 8.2185E-04
 6.1766E-01 8.2119E-04
 1.4516E+00 8.1931E-04
 2.2854E+00 8.1616E-04
 3.1193E+00 8.1169E-04
 3.9532E+00 8.0610E-04
 4.7871E+00 7.9922E-04
 5.6210E+00 7.9130E-04
 6.4549E+00 7.8220E-04
 7.2888E+00 7.7198E-04
 8.1227E+00 7.6079E-04
 8.9566E+00 7.4856E-04
 9.7904E+00 7.3532E-04
 1.0624E+01 7.2125E-04
 1.1458E+01 7.0636E-04
 1.2292E+01 6.9069E-04
 1.3126E+01 6.7440E-04
 1.3960E+01 6.5741E-04
 1.4794E+01 6.3988E-04
 1.5628E+01 6.2180E-04
 1.6462E+01 6.0336E-04
 1.7295E+01 5.8455E-04
 1.8129E+01 5.6543E-04
 1.8963E+01 5.4616E-04
 1.9797E+01 5.2663E-04
 2.0631E+01 5.0704E-04
 2.1465E+01 4.8752E-04
 2.2299E+01 4.6792E-04
 2.3133E+01 4.4846E-04
 2.3967E+01 4.2914E-04
 2.4800E+01 4.0999E-04
 2.5634E+01 3.9112E-04
 2.6468E+01 3.7250E-04
 2.7302E+01 3.5429E-04
 2.8136E+01 3.3641E-04
 2.8970E+01 3.1892E-04
 2.9804E+01 3.0192E-04
 3.0638E+01 2.8538E-04
 3.1472E+01 2.6930E-04
 3.2305E+01 2.5372E-04
 3.3139E+01 2.3871E-04
 3.3973E+01 2.2422E-04
 3.4807E+01 2.1034E-04
 3.5641E+01 1.9691E-04
 3.6475E+01 1.8413E-04
 3.7309E+01 1.7189E-04
 3.8143E+01 1.6023E-04
 3.8977E+01 1.4912E-04
 3.9810E+01 1.3856E-04
 4.0644E+01 1.2856E-04
 4.1478E+01 1.1909E-04
 4.2312E+01 1.1015E-04
 4.3146E+01 1.0173E-04
 4.3980E+01 9.3800E-05
 4.4814E+01 8.6352E-05
 4.5648E+01 7.9375E-05
 4.6482E+01 7.2858E-05
 4.7315E+01 6.6769E-05
 4.8149E+01 6.1086E-05
 4.8983E+01 5.5802E-05
 4.9817E+01 5.0903E-05
 5.0651E+01 4.6359E-05
 5.1485E+01 4.2160E-05
 5.2319E+01 3.8278E-05
 5.3153E+01 3.4697E-05
 5.3987E+01 3.1407E-05
 5.4820E+01 2.8385E-05
 5.5654E+01 2.5612E-05
 5.6488E+01 2.3076E-05
 5.7322E+01 2.0756E-05
 5.8156E+01 1.8644E-05
 5.8990E+01 1.6720E-05
 5.9824E+01 1.4970E-05
 6.0658E+01 1.3385E-05
 6.1492E+01 1.1947E-05
 6.2325E+01 1.0648E-05
 6.3159E+01 9.4748E-06
 6.3993E+01 8.4186E-06
 6.4827E+01 7.4690E-06
 6.5661E+01 6.6159E-06
 6.6495E+01 5.8508E-06
 6.7329E+01 5.1660E-06
 6.8163E+01 4.5548E-06
 6.8997E+01 4.0094E-06
 6.9830E+01 3.5244E-06
 7.0664E+01 3.0930E-06
 7.1498E+01 2.7097E-06
 7.2332E+01 2.3709E-06
 7.3166E+01 2.0711E-06
 7.4000E+01 1.8065E-06
 7.4834E+01 1.5730E-06
 7.5668E+01 1.3678E-06
 7.6502E+01 1.1873E-06
 7.7335E+01 1.0292E-06
 7.8169E+01 8.9077E-07
 7.9003E+01 7.6968E-07
 7.9837E+01 6.6409E-07
 8.0671E+01 5.7212E-07
 8.1505E+01 4.9212E-07
 8.2339E+01 4.2262E-07
 8.3173E+01 3.6239E-07
 8.4007E+01 3.1025E-07
 8.4840E+01 2.6525E-07
 8.5674E+01 2.2636E-07
 8.6508E+01 1.9294E-07
 8.7342E+01 1.6415E-07
 8.8176E+01 1.3947E-07
 8.9010E+01 1.1831E-07
 8.9844E+01 1.0018E-07
 9.0678E+01 8.4722E-08
 9.1512E+01 7.1539E-08
 9.2345E+01 6.0310E-08
 9.3179E+01 5.0759E-08
 9.4013E+01 4.2663E-08
 9.4847E+01 3.5798E-08
 9.5681E+01 2.9990E-08
 9.6515E+01 2.5088E-08
 9.7349E+01 2.0956E-08
 9.8183E+01 1.7476E-08
 9.9017E+01 1.4552E-08
 9.9851E+01 1.2101E-08
 1.0068E+02 1.0043E-08
 1.0152E+02 8.3248E-09
 1.0235E+02 6.8878E-09
 1.0319E+02 5.6915E-09
 1.0402E+02 4.6955E-09
 1.0485E+02 3.8678E-09
 1.0569E+02 3.1810E-09
 1.0652E+02 2.6122E-09
 1.0736E+02 2.1417E-09
 1.0819E+02 1.7532E-09
 1.0902E+02 1.4332E-09
 1.0986E+02 1.1697E-09
 1.1069E+02 9.5305E-10
 1.1152E+02 7.7534E-10
 1.1236E+02 6.2980E-10
 1.1319E+02 5.1084E-10
 1.1403E+02 4.1372E-10
 1.1486E+02 3.3453E-10
 1.1569E+02 2.7006E-10
 1.1653E+02 2.1770E-10
 1.1736E+02 1.7520E-10
 1.1820E+02 1.4080E-10
 1.1903E+02 1.1297E-10
 1.1986E+02 9.0500E-11
 1.2070E+02 7.2389E-11
 1.2153E+02 5.7819E-11
 1.2237E+02 4.6104E-11
 1.2320E+02 3.6710E-11
 1.2403E+02 2.9179E-11
 1.2487E+02 2.3161E-11
 1.2570E+02 1.8354E-11
 1.2653E+02 1.4524E-11
 1.2737E+02 1.1474E-11
 1.2820E+02 9.0508E-12
 1.2904E+02 7.1291E-12
 1.2987E+02 5.6061E-12
 1.3070E+02 4.4020E-12
 1.3154E+02 3.4509E-12
 1.3237E+02 2.7011E-12
 1.3321E+02 2.1112E-12
 1.3404E+02 1.6475E-12
 1.3487E+02 1.2836E-12
 1.3571E+02 9.9847E-13
 1.3654E+02 7.7560E-13
 1.3738E+02 6.0149E-13
 1.3821E+02 4.6576E-13
 1.3904E+02 3.6011E-13
 1.3988E+02 2.7796E-13
 1.4071E+02 2.1428E-13
 1.4154E+02 1.6487E-13
 1.4238E+02 1.2670E-13
 1.4321E+02 9.7206E-14
 1.4405E+02 7.4463E-14
 1.4488E+02 5.6946E-14
 1.4571E+02 4.3489E-14
 1.4655E+02 3.3158E-14
 1.4738E+02 2.5243E-14
 1.4822E+02 1.9187E-14
 1.4905E+02 1.4562E-14
 1.4988E+02 1.1034E-14
 1.5072E+02 8.3489E-15
 1.5155E+02 6.3069E-15
 1.5239E+02 4.7566E-15
 1.5322E+02 3.5826E-15
 1.5405E+02 2.6936E-15
 1.5489E+02 2.0224E-15
 1.5572E+02 1.5162E-15
 1.5655E+02 1.1346E-15
 1.5739E+02 8.4802E-16
 1.5822E+02 6.3269E-16
 1.5906E+02 4.7135E-16
 1.5989E+02 3.5063E-16
 1.6072E+02 2.6041E-16
 1.6156E+02 1.9309E-16
 1.6239E+02 1.4296E-16
 1.6323E+02 1.0569E-16
 1.6406E+02 7.8017E-17
 1.6489E+02 5.7494E-17
 1.6573E+02 4.2312E-17
 1.6656E+02 3.1084E-17
