 6.0250E+03 1.2661E+16
 6.0500E+03 1.2619E+16
 6.0750E+03 1.2574E+16
 6.1000E+03 1.2530E+16
 6.1250E+03 1.2485E+16
 6.1500E+03 1.2442E+16
 6.1750E+03 1.2397E+16
 6.2000E+03 1.2354E+16
 6.2250E+03 1.2310E+16
 6.2500E+03 1.2266E+16
 6.2750E+03 1.2222E+16
 6.3000E+03 1.2179E+16
 6.3250E+03 1.2136E+16
 6.3500E+03 1.2093E+16
 6.3750E+03 1.2050E+16
 6.4000E+03 1.2007E+16
 6.4250E+03 1.1965E+16
 6.4500E+03 1.1921E+16
 6.4750E+03 1.1879E+16
 6.5000E+03 1.1837E+16
 6.5250E+03 1.1795E+16
 6.5500E+03 1.1754E+16
 6.5750E+03 1.1710E+16
 6.6000E+03 1.1669E+16
 6.6250E+03 1.1627E+16
 6.6500E+03 1.1585E+16
 6.6750E+03 1.1544E+16
 6.7000E+03 1.1503E+16
 6.7250E+03 1.1463E+16
 6.7500E+03 1.1422E+16
 6.7750E+03 1.1381E+16
 6.8000E+03 1.1341E+16
 6.8250E+03 1.1300E+16
 6.8500E+03 1.1259E+16
 6.8750E+03 1.1220E+16
 6.9000E+03 1.1179E+16
 6.9250E+03 1.1139E+16
 6.9500E+03 1.1100E+16
 6.9750E+03 1.1060E+16
 7.0000E+03 1.1020E+16
 7.0250E+03 1.0981E+16
 7.0500E+03 1.0942E+16
 7.0750E+03 1.0902E+16
 7.1000E+03 1.0865E+16
 7.1250E+03 1.0825E+16
 7.1500E+03 1.0786E+16
 7.1750E+03 1.0747E+16
 7.2000E+03 1.0709E+16
 7.2250E+03 1.0671E+16
 7.2500E+03 1.0632E+16
 7.2750E+03 1.0595E+16
 7.3000E+03 1.0556E+16
 7.3250E+03 1.0520E+16
 7.3500E+03 1.0481E+16
 7.3750E+03 1.0444E+16
 7.4000E+03 1.0407E+16
 7.4250E+03 1.0370E+16
 7.4500E+03 1.0333E+16
 7.4750E+03 1.0296E+16
 7.5000E+03 1.0259E+16
 7.5250E+03 1.0222E+16
 7.5500E+03 1.0187E+16
 7.5750E+03 1.0151E+16
 7.6000E+03 1.0115E+16
 7.6250E+03 1.0078E+16
 7.6500E+03 1.0043E+16
 7.6750E+03 1.0007E+16
 7.7000E+03 9.9718E+15
 7.7250E+03 9.9352E+15
 7.7500E+03 9.9009E+15
 7.7750E+03 9.8653E+15
 7.8000E+03 9.8302E+15
 7.8250E+03 9.7953E+15
 7.8500E+03 9.7609E+15
 7.8750E+03 9.7253E+15
 7.9000E+03 9.6917E+15
 7.9250E+03 9.6560E+15
 7.9500E+03 9.6223E+15
 7.9750E+03 9.5882E+15
 8.0000E+03 9.5541E+15
 8.0250E+03 9.5206E+15
 8.0500E+03 9.4871E+15
 8.0750E+03 9.4527E+15
 8.1000E+03 9.4200E+15
 8.1250E+03 9.3860E+15
 8.1500E+03 9.3536E+15
 8.1750E+03 9.3205E+15
 8.2000E+03 9.2871E+15
 8.2250E+03 9.2548E+15
 8.2500E+03 9.2212E+15
 8.2750E+03 9.1892E+15
 8.3000E+03 9.1568E+15
 8.3250E+03 9.1246E+15
 8.3500E+03 9.0928E+15
 8.3750E+03 9.0605E+15
 8.4000E+03 9.0294E+15
 8.4250E+03 8.9965E+15
 8.4500E+03 8.9656E+15
 8.4750E+03 8.9340E+15
 8.5000E+03 8.9030E+15
 8.5250E+03 8.8713E+15
 8.5500E+03 8.8406E+15
 8.5750E+03 8.8094E+15
 8.6000E+03 8.7797E+15
 8.6250E+03 8.7473E+15
 8.6500E+03 8.7175E+15
 8.6750E+03 8.6869E+15
 8.7000E+03 8.6561E+15
 8.7250E+03 8.6266E+15
 8.7500E+03 8.5962E+15
 8.7750E+03 8.5657E+15
 8.8000E+03 8.5369E+15
 8.8250E+03 8.5074E+15
 8.8500E+03 8.4778E+15
 8.8750E+03 8.4479E+15
 8.9000E+03 8.4187E+15
 8.9250E+03 8.3884E+15
 8.9500E+03 8.3600E+15
 8.9750E+03 8.3317E+15
 9.0000E+03 8.3016E+15
 9.0250E+03 8.2738E+15
 9.0500E+03 8.2446E+15
 9.0750E+03 8.2166E+15
 9.1000E+03 8.1882E+15
 9.1250E+03 8.1592E+15
 9.1500E+03 8.1324E+15
 9.1750E+03 8.1031E+15
 9.2000E+03 8.0756E+15
 9.2250E+03 8.0479E+15
 9.2500E+03 8.0199E+15
 9.2750E+03 7.9924E+15
 9.3000E+03 7.9644E+15
 9.3250E+03 7.9383E+15
 9.3500E+03 7.9110E+15
 9.3750E+03 7.8829E+15
 9.4000E+03 7.8562E+15
 9.4250E+03 7.8294E+15
 9.4500E+03 7.8030E+15
 9.4750E+03 7.7766E+15
 9.5000E+03 7.7492E+15
 9.5250E+03 7.7232E+15
 9.5500E+03 7.6967E+15
 9.5750E+03 7.6705E+15
 9.6000E+03 7.6443E+15
 9.6250E+03 7.6182E+15
 9.6500E+03 7.5927E+15
 9.6750E+03 7.5672E+15
 9.7000E+03 7.5408E+15
 9.7250E+03 7.5153E+15
 9.7500E+03 7.4903E+15
 9.7750E+03 7.4646E+15
 9.8000E+03 7.4393E+15
 9.8250E+03 7.4149E+15
 9.8500E+03 7.3888E+15
 9.8750E+03 7.3646E+15
 9.9000E+03 7.3398E+15
 9.9250E+03 7.3143E+15
 9.9500E+03 7.2907E+15
 9.9750E+03 7.2659E+15
 1.0000E+04 7.2406E+15
 1.0025E+04 7.2172E+15
 1.0050E+04 7.1932E+15
 1.0075E+04 7.1686E+15
 1.0100E+04 7.1447E+15
 1.0125E+04 7.1213E+15
 1.0150E+04 7.0975E+15
 1.0175E+04 7.0728E+15
 1.0200E+04 7.0501E+15
 1.0225E+04 7.0265E+15
 1.0250E+04 7.0029E+15
 1.0275E+04 6.9803E+15
 1.0300E+04 6.9568E+15
 1.0325E+04 6.9334E+15
 1.0350E+04 6.9105E+15
 1.0375E+04 6.8873E+15
 1.0400E+04 6.8645E+15
 1.0425E+04 6.8414E+15
 1.0450E+04 6.8197E+15
 1.0475E+04 6.7966E+15
 1.0500E+04 6.7742E+15
 1.0525E+04 6.7526E+15
 1.0550E+04 6.7293E+15
 1.0575E+04 6.7079E+15
 1.0600E+04 6.6851E+15
 1.0625E+04 6.6634E+15
 1.0650E+04 6.6421E+15
 1.0675E+04 6.6203E+15
 1.0700E+04 6.5984E+15
 1.0725E+04 6.5765E+15
 1.0750E+04 6.5554E+15
 1.0775E+04 6.5338E+15
 1.0800E+04 6.5125E+15
 1.0825E+04 6.4913E+15
 1.0850E+04 6.4704E+15
 1.0875E+04 6.4487E+15
 1.0900E+04 6.4277E+15
 1.0925E+04 6.4069E+15
 1.0950E+04 6.3862E+15
 1.0975E+04 6.3648E+15
 1.1000E+04 6.3447E+15
