 6.0250E+03 0.0000E+00
 6.0500E+03 0.0000E+00
 6.0750E+03 0.0000E+00
 6.1000E+03 0.0000E+00
 6.1250E+03 0.0000E+00
 6.1500E+03 0.0000E+00
 6.1750E+03 0.0000E+00
 6.2000E+03 0.0000E+00
 6.2250E+03 0.0000E+00
 6.2500E+03 0.0000E+00
 6.2750E+03 0.0000E+00
 6.3000E+03 0.0000E+00
 6.3250E+03 0.0000E+00
 6.3500E+03 0.0000E+00
 6.3750E+03 0.0000E+00
 6.4000E+03 0.0000E+00
 6.4250E+03 0.0000E+00
 6.4500E+03 0.0000E+00
 6.4750E+03 0.0000E+00
 6.5000E+03 0.0000E+00
 6.5250E+03 0.0000E+00
 6.5500E+03 0.0000E+00
 6.5750E+03 0.0000E+00
 6.6000E+03 0.0000E+00
 6.6250E+03 0.0000E+00
 6.6500E+03 0.0000E+00
 6.6750E+03 0.0000E+00
 6.7000E+03 0.0000E+00
 6.7250E+03 0.0000E+00
 6.7500E+03 0.0000E+00
 6.7750E+03 0.0000E+00
 6.8000E+03 0.0000E+00
 6.8250E+03 0.0000E+00
 6.8500E+03 0.0000E+00
 6.8750E+03 0.0000E+00
 6.9000E+03 0.0000E+00
 6.9250E+03 0.0000E+00
 6.9500E+03 0.0000E+00
 6.9750E+03 0.0000E+00
 7.0000E+03 0.0000E+00
 7.0250E+03 0.0000E+00
 7.0500E+03 1.8624E+15
 7.0750E+03 1.9987E+15
 7.1000E+03 2.1415E+15
 7.1250E+03 2.3827E+15
 7.1500E+03 2.5460E+15
 7.1750E+03 2.7161E+15
 7.2000E+03 2.8952E+15
 7.2250E+03 3.0823E+15
 7.2500E+03 3.2786E+15
 7.2750E+03 3.4837E+15
 7.3000E+03 3.8193E+15
 7.3250E+03 4.0454E+15
 7.3500E+03 4.2844E+15
 7.3750E+03 4.5296E+15
 7.4000E+03 4.7862E+15
 7.4250E+03 5.0531E+15
 7.4500E+03 5.3315E+15
 7.4750E+03 5.6184E+15
 7.5000E+03 6.0698E+15
 7.5250E+03 6.3820E+15
 7.5500E+03 6.7036E+15
 7.5750E+03 7.0353E+15
 7.6000E+03 7.3789E+15
 7.6250E+03 7.7368E+15
 7.6500E+03 8.1023E+15
 7.6750E+03 8.4785E+15
 7.7000E+03 9.0472E+15
 7.7250E+03 9.4517E+15
 7.7500E+03 9.8632E+15
 7.7750E+03 1.0290E+16
 7.8000E+03 1.0727E+16
 7.8250E+03 1.1171E+16
 7.8500E+03 1.1630E+16
 7.8750E+03 1.2103E+16
 7.9000E+03 1.2776E+16
 7.9250E+03 1.3271E+16
 7.9500E+03 1.3776E+16
 7.9750E+03 1.4289E+16
 8.0000E+03 1.4817E+16
 8.0250E+03 1.5353E+16
 8.0500E+03 1.5896E+16
 8.0750E+03 1.6459E+16
 8.1000E+03 1.7021E+16
 8.1250E+03 1.7606E+16
 8.1500E+03 1.8189E+16
 8.1750E+03 1.8789E+16
 8.2000E+03 1.9402E+16
 8.2250E+03 2.0015E+16
 8.2500E+03 2.0650E+16
 8.2750E+03 2.1272E+16
 8.3000E+03 2.1926E+16
 8.3250E+03 2.2572E+16
 8.3500E+03 2.3244E+16
 8.3750E+03 2.3910E+16
 8.4000E+03 2.4588E+16
 8.4250E+03 2.5283E+16
 8.4500E+03 2.5974E+16
 8.4750E+03 2.6680E+16
 8.5000E+03 2.7378E+16
 8.5250E+03 2.8096E+16
 8.5500E+03 2.8818E+16
 8.5750E+03 2.9548E+16
 8.6000E+03 3.0280E+16
 8.6250E+03 3.1026E+16
 8.6500E+03 3.1769E+16
 8.6750E+03 3.2525E+16
 8.7000E+03 3.3269E+16
 8.7250E+03 3.4033E+16
 8.7500E+03 3.4798E+16
 8.7750E+03 3.5568E+16
 8.8000E+03 3.6339E+16
 8.8250E+03 3.7116E+16
 8.8500E+03 3.7897E+16
 8.8750E+03 3.8679E+16
 8.9000E+03 3.9456E+16
 8.9250E+03 4.0243E+16
 8.9500E+03 4.1032E+16
 8.9750E+03 4.1829E+16
 9.0000E+03 4.2619E+16
 9.0250E+03 4.3414E+16
 9.0500E+03 4.4211E+16
 9.0750E+03 4.5007E+16
 9.1000E+03 4.5789E+16
 9.1250E+03 4.6588E+16
 9.1500E+03 4.7391E+16
 9.1750E+03 4.8185E+16
 9.2000E+03 4.8977E+16
 9.2250E+03 4.9770E+16
 9.2500E+03 5.0572E+16
 9.2750E+03 5.1349E+16
 9.3000E+03 5.2139E+16
 9.3250E+03 5.2930E+16
 9.3500E+03 5.3715E+16
 9.3750E+03 5.4507E+16
 9.4000E+03 5.5284E+16
 9.4250E+03 5.6063E+16
 9.4500E+03 5.6829E+16
 9.4750E+03 5.7599E+16
 9.5000E+03 5.8377E+16
 9.5250E+03 5.9143E+16
 9.5500E+03 5.9905E+16
 9.5750E+03 6.0672E+16
 9.6000E+03 6.1406E+16
 9.6250E+03 6.2156E+16
 9.6500E+03 6.2914E+16
 9.6750E+03 6.3652E+16
 9.7000E+03 6.4395E+16
 9.7250E+03 6.5128E+16
 9.7500E+03 6.5840E+16
 9.7750E+03 6.6567E+16
 9.8000E+03 6.7284E+16
 9.8250E+03 6.7996E+16
 9.8500E+03 6.8713E+16
 9.8750E+03 6.9395E+16
 9.9000E+03 7.0091E+16
 9.9250E+03 7.0791E+16
 9.9500E+03 7.1477E+16
 9.9750E+03 7.2151E+16
 1.0000E+04 7.2822E+16
 1.0025E+04 0.0000E+00
 1.0050E+04 0.0000E+00
 1.0075E+04 0.0000E+00
 1.0100E+04 0.0000E+00
 1.0125E+04 0.0000E+00
 1.0150E+04 0.0000E+00
 1.0175E+04 0.0000E+00
 1.0200E+04 0.0000E+00
 1.0225E+04 0.0000E+00
 1.0250E+04 0.0000E+00
 1.0275E+04 0.0000E+00
 1.0300E+04 0.0000E+00
 1.0325E+04 0.0000E+00
 1.0350E+04 0.0000E+00
 1.0375E+04 0.0000E+00
 1.0400E+04 0.0000E+00
 1.0425E+04 0.0000E+00
 1.0450E+04 0.0000E+00
 1.0475E+04 0.0000E+00
 1.0500E+04 0.0000E+00
 1.0525E+04 0.0000E+00
 1.0550E+04 0.0000E+00
 1.0575E+04 0.0000E+00
 1.0600E+04 0.0000E+00
 1.0625E+04 0.0000E+00
 1.0650E+04 0.0000E+00
 1.0675E+04 0.0000E+00
 1.0700E+04 0.0000E+00
 1.0725E+04 0.0000E+00
 1.0750E+04 0.0000E+00
 1.0775E+04 0.0000E+00
 1.0800E+04 0.0000E+00
 1.0825E+04 0.0000E+00
 1.0850E+04 0.0000E+00
 1.0875E+04 0.0000E+00
 1.0900E+04 0.0000E+00
 1.0925E+04 0.0000E+00
 1.0950E+04 0.0000E+00
 1.0975E+04 0.0000E+00
 1.1000E+04 0.0000E+00
