 6.0250E+03 0.0000E+00
 6.0500E+03 0.0000E+00
 6.0750E+03 0.0000E+00
 6.1000E+03 0.0000E+00
 6.1250E+03 0.0000E+00
 6.1500E+03 0.0000E+00
 6.1750E+03 0.0000E+00
 6.2000E+03 0.0000E+00
 6.2250E+03 0.0000E+00
 6.2500E+03 0.0000E+00
 6.2750E+03 0.0000E+00
 6.3000E+03 0.0000E+00
 6.3250E+03 0.0000E+00
 6.3500E+03 0.0000E+00
 6.3750E+03 0.0000E+00
 6.4000E+03 0.0000E+00
 6.4250E+03 0.0000E+00
 6.4500E+03 0.0000E+00
 6.4750E+03 0.0000E+00
 6.5000E+03 0.0000E+00
 6.5250E+03 0.0000E+00
 6.5500E+03 0.0000E+00
 6.5750E+03 0.0000E+00
 6.6000E+03 0.0000E+00
 6.6250E+03 0.0000E+00
 6.6500E+03 0.0000E+00
 6.6750E+03 0.0000E+00
 6.7000E+03 0.0000E+00
 6.7250E+03 0.0000E+00
 6.7500E+03 0.0000E+00
 6.7750E+03 0.0000E+00
 6.8000E+03 0.0000E+00
 6.8250E+03 0.0000E+00
 6.8500E+03 0.0000E+00
 6.8750E+03 0.0000E+00
 6.9000E+03 0.0000E+00
 6.9250E+03 0.0000E+00
 6.9500E+03 0.0000E+00
 6.9750E+03 0.0000E+00
 7.0000E+03 0.0000E+00
 7.0250E+03 0.0000E+00
 7.0500E+03 1.1644E+17
 7.0750E+03 1.1630E+17
 7.1000E+03 1.1616E+17
 7.1250E+03 1.1592E+17
 7.1500E+03 1.1575E+17
 7.1750E+03 1.1558E+17
 7.2000E+03 1.1541E+17
 7.2250E+03 1.1522E+17
 7.2500E+03 1.1502E+17
 7.2750E+03 1.1482E+17
 7.3000E+03 1.1448E+17
 7.3250E+03 1.1426E+17
 7.3500E+03 1.1402E+17
 7.3750E+03 1.1377E+17
 7.4000E+03 1.1351E+17
 7.4250E+03 1.1325E+17
 7.4500E+03 1.1297E+17
 7.4750E+03 1.1268E+17
 7.5000E+03 1.1223E+17
 7.5250E+03 1.1192E+17
 7.5500E+03 1.1160E+17
 7.5750E+03 1.1126E+17
 7.6000E+03 1.1092E+17
 7.6250E+03 1.1056E+17
 7.6500E+03 1.1020E+17
 7.6750E+03 1.0982E+17
 7.7000E+03 1.0925E+17
 7.7250E+03 1.0885E+17
 7.7500E+03 1.0844E+17
 7.7750E+03 1.0801E+17
 7.8000E+03 1.0757E+17
 7.8250E+03 1.0713E+17
 7.8500E+03 1.0667E+17
 7.8750E+03 1.0620E+17
 7.9000E+03 1.0552E+17
 7.9250E+03 1.0503E+17
 7.9500E+03 1.0452E+17
 7.9750E+03 1.0401E+17
 8.0000E+03 1.0348E+17
 8.0250E+03 1.0295E+17
 8.0500E+03 1.0240E+17
 8.0750E+03 1.0184E+17
 8.1000E+03 1.0128E+17
 8.1250E+03 1.0069E+17
 8.1500E+03 1.0011E+17
 8.1750E+03 9.9512E+16
 8.2000E+03 9.8898E+16
 8.2250E+03 9.8285E+16
 8.2500E+03 9.7651E+16
 8.2750E+03 9.7028E+16
 8.3000E+03 9.6375E+16
 8.3250E+03 9.5728E+16
 8.3500E+03 9.5057E+16
 8.3750E+03 9.4391E+16
 8.4000E+03 9.3713E+16
 8.4250E+03 9.3017E+16
 8.4500E+03 9.2327E+16
 8.4750E+03 9.1620E+16
 8.5000E+03 9.0922E+16
 8.5250E+03 9.0204E+16
 8.5500E+03 8.9482E+16
 8.5750E+03 8.8753E+16
 8.6000E+03 8.8020E+16
 8.6250E+03 8.7274E+16
 8.6500E+03 8.6531E+16
 8.6750E+03 8.5775E+16
 8.7000E+03 8.5032E+16
 8.7250E+03 8.4268E+16
 8.7500E+03 8.3503E+16
 8.7750E+03 8.2733E+16
 8.8000E+03 8.1961E+16
 8.8250E+03 8.1185E+16
 8.8500E+03 8.0403E+16
 8.8750E+03 7.9621E+16
 8.9000E+03 7.8844E+16
 8.9250E+03 7.8057E+16
 8.9500E+03 7.7268E+16
 8.9750E+03 7.6471E+16
 9.0000E+03 7.5681E+16
 9.0250E+03 7.4886E+16
 9.0500E+03 7.4089E+16
 9.0750E+03 7.3293E+16
 9.1000E+03 7.2511E+16
 9.1250E+03 7.1713E+16
 9.1500E+03 7.0909E+16
 9.1750E+03 7.0115E+16
 9.2000E+03 6.9323E+16
 9.2250E+03 6.8530E+16
 9.2500E+03 6.7729E+16
 9.2750E+03 6.6951E+16
 9.3000E+03 6.6161E+16
 9.3250E+03 6.5371E+16
 9.3500E+03 6.4585E+16
 9.3750E+03 6.3794E+16
 9.4000E+03 6.3016E+16
 9.4250E+03 6.2238E+16
 9.4500E+03 6.1471E+16
 9.4750E+03 6.0701E+16
 9.5000E+03 5.9924E+16
 9.5250E+03 5.9158E+16
 9.5500E+03 5.8395E+16
 9.5750E+03 5.7628E+16
 9.6000E+03 5.6894E+16
 9.6250E+03 5.6144E+16
 9.6500E+03 5.5386E+16
 9.6750E+03 5.4648E+16
 9.7000E+03 5.3906E+16
 9.7250E+03 5.3172E+16
 9.7500E+03 5.2460E+16
 9.7750E+03 5.1733E+16
 9.8000E+03 5.1016E+16
 9.8250E+03 5.0304E+16
 9.8500E+03 4.9587E+16
 9.8750E+03 4.8905E+16
 9.9000E+03 4.8209E+16
 9.9250E+03 4.7509E+16
 9.9500E+03 4.6823E+16
 9.9750E+03 4.6149E+16
 1.0000E+04 4.5478E+16
 1.0025E+04 0.0000E+00
 1.0050E+04 0.0000E+00
 1.0075E+04 0.0000E+00
 1.0100E+04 0.0000E+00
 1.0125E+04 0.0000E+00
 1.0150E+04 0.0000E+00
 1.0175E+04 0.0000E+00
 1.0200E+04 0.0000E+00
 1.0225E+04 0.0000E+00
 1.0250E+04 0.0000E+00
 1.0275E+04 0.0000E+00
 1.0300E+04 0.0000E+00
 1.0325E+04 0.0000E+00
 1.0350E+04 0.0000E+00
 1.0375E+04 0.0000E+00
 1.0400E+04 0.0000E+00
 1.0425E+04 0.0000E+00
 1.0450E+04 0.0000E+00
 1.0475E+04 0.0000E+00
 1.0500E+04 0.0000E+00
 1.0525E+04 0.0000E+00
 1.0550E+04 0.0000E+00
 1.0575E+04 0.0000E+00
 1.0600E+04 0.0000E+00
 1.0625E+04 0.0000E+00
 1.0650E+04 0.0000E+00
 1.0675E+04 0.0000E+00
 1.0700E+04 0.0000E+00
 1.0725E+04 0.0000E+00
 1.0750E+04 0.0000E+00
 1.0775E+04 0.0000E+00
 1.0800E+04 0.0000E+00
 1.0825E+04 0.0000E+00
 1.0850E+04 0.0000E+00
 1.0875E+04 0.0000E+00
 1.0900E+04 0.0000E+00
 1.0925E+04 0.0000E+00
 1.0950E+04 0.0000E+00
 1.0975E+04 0.0000E+00
 1.1000E+04 0.0000E+00
