 6.0250E+03 0.0000E+00
 6.0500E+03 0.0000E+00
 6.0750E+03 0.0000E+00
 6.1000E+03 0.0000E+00
 6.1250E+03 0.0000E+00
 6.1500E+03 0.0000E+00
 6.1750E+03 0.0000E+00
 6.2000E+03 0.0000E+00
 6.2250E+03 0.0000E+00
 6.2500E+03 0.0000E+00
 6.2750E+03 0.0000E+00
 6.3000E+03 0.0000E+00
 6.3250E+03 0.0000E+00
 6.3500E+03 0.0000E+00
 6.3750E+03 0.0000E+00
 6.4000E+03 0.0000E+00
 6.4250E+03 0.0000E+00
 6.4500E+03 0.0000E+00
 6.4750E+03 0.0000E+00
 6.5000E+03 0.0000E+00
 6.5250E+03 0.0000E+00
 6.5500E+03 0.0000E+00
 6.5750E+03 0.0000E+00
 6.6000E+03 0.0000E+00
 6.6250E+03 0.0000E+00
 6.6500E+03 0.0000E+00
 6.6750E+03 0.0000E+00
 6.7000E+03 0.0000E+00
 6.7250E+03 0.0000E+00
 6.7500E+03 0.0000E+00
 6.7750E+03 0.0000E+00
 6.8000E+03 0.0000E+00
 6.8250E+03 0.0000E+00
 6.8500E+03 0.0000E+00
 6.8750E+03 0.0000E+00
 6.9000E+03 0.0000E+00
 6.9250E+03 0.0000E+00
 6.9500E+03 0.0000E+00
 6.9750E+03 0.0000E+00
 7.0000E+03 0.0000E+00
 7.0250E+03 0.0000E+00
 7.0500E+03 1.1830E+17
 7.0750E+03 1.1830E+17
 7.1000E+03 1.1830E+17
 7.1250E+03 1.1830E+17
 7.1500E+03 1.1830E+17
 7.1750E+03 1.1830E+17
 7.2000E+03 1.1830E+17
 7.2250E+03 1.1830E+17
 7.2500E+03 1.1830E+17
 7.2750E+03 1.1830E+17
 7.3000E+03 1.1830E+17
 7.3250E+03 1.1830E+17
 7.3500E+03 1.1830E+17
 7.3750E+03 1.1830E+17
 7.4000E+03 1.1830E+17
 7.4250E+03 1.1830E+17
 7.4500E+03 1.1830E+17
 7.4750E+03 1.1830E+17
 7.5000E+03 1.1830E+17
 7.5250E+03 1.1830E+17
 7.5500E+03 1.1830E+17
 7.5750E+03 1.1830E+17
 7.6000E+03 1.1830E+17
 7.6250E+03 1.1830E+17
 7.6500E+03 1.1830E+17
 7.6750E+03 1.1830E+17
 7.7000E+03 1.1830E+17
 7.7250E+03 1.1830E+17
 7.7500E+03 1.1830E+17
 7.7750E+03 1.1830E+17
 7.8000E+03 1.1830E+17
 7.8250E+03 1.1830E+17
 7.8500E+03 1.1830E+17
 7.8750E+03 1.1830E+17
 7.9000E+03 1.1830E+17
 7.9250E+03 1.1830E+17
 7.9500E+03 1.1830E+17
 7.9750E+03 1.1830E+17
 8.0000E+03 1.1830E+17
 8.0250E+03 1.1830E+17
 8.0500E+03 1.1830E+17
 8.0750E+03 1.1830E+17
 8.1000E+03 1.1830E+17
 8.1250E+03 1.1830E+17
 8.1500E+03 1.1830E+17
 8.1750E+03 1.1830E+17
 8.2000E+03 1.1830E+17
 8.2250E+03 1.1830E+17
 8.2500E+03 1.1830E+17
 8.2750E+03 1.1830E+17
 8.3000E+03 1.1830E+17
 8.3250E+03 1.1830E+17
 8.3500E+03 1.1830E+17
 8.3750E+03 1.1830E+17
 8.4000E+03 1.1830E+17
 8.4250E+03 1.1830E+17
 8.4500E+03 1.1830E+17
 8.4750E+03 1.1830E+17
 8.5000E+03 1.1830E+17
 8.5250E+03 1.1830E+17
 8.5500E+03 1.1830E+17
 8.5750E+03 1.1830E+17
 8.6000E+03 1.1830E+17
 8.6250E+03 1.1830E+17
 8.6500E+03 1.1830E+17
 8.6750E+03 1.1830E+17
 8.7000E+03 1.1830E+17
 8.7250E+03 1.1830E+17
 8.7500E+03 1.1830E+17
 8.7750E+03 1.1830E+17
 8.8000E+03 1.1830E+17
 8.8250E+03 1.1830E+17
 8.8500E+03 1.1830E+17
 8.8750E+03 1.1830E+17
 8.9000E+03 1.1830E+17
 8.9250E+03 1.1830E+17
 8.9500E+03 1.1830E+17
 8.9750E+03 1.1830E+17
 9.0000E+03 1.1830E+17
 9.0250E+03 1.1830E+17
 9.0500E+03 1.1830E+17
 9.0750E+03 1.1830E+17
 9.1000E+03 1.1830E+17
 9.1250E+03 1.1830E+17
 9.1500E+03 1.1830E+17
 9.1750E+03 1.1830E+17
 9.2000E+03 1.1830E+17
 9.2250E+03 1.1830E+17
 9.2500E+03 1.1830E+17
 9.2750E+03 1.1830E+17
 9.3000E+03 1.1830E+17
 9.3250E+03 1.1830E+17
 9.3500E+03 1.1830E+17
 9.3750E+03 1.1830E+17
 9.4000E+03 1.1830E+17
 9.4250E+03 1.1830E+17
 9.4500E+03 1.1830E+17
 9.4750E+03 1.1830E+17
 9.5000E+03 1.1830E+17
 9.5250E+03 1.1830E+17
 9.5500E+03 1.1830E+17
 9.5750E+03 1.1830E+17
 9.6000E+03 1.1830E+17
 9.6250E+03 1.1830E+17
 9.6500E+03 1.1830E+17
 9.6750E+03 1.1830E+17
 9.7000E+03 1.1830E+17
 9.7250E+03 1.1830E+17
 9.7500E+03 1.1830E+17
 9.7750E+03 1.1830E+17
 9.8000E+03 1.1830E+17
 9.8250E+03 1.1830E+17
 9.8500E+03 1.1830E+17
 9.8750E+03 1.1830E+17
 9.9000E+03 1.1830E+17
 9.9250E+03 1.1830E+17
 9.9500E+03 1.1830E+17
 9.9750E+03 1.1830E+17
 1.0000E+04 1.1830E+17
 1.0025E+04 0.0000E+00
 1.0050E+04 0.0000E+00
 1.0075E+04 0.0000E+00
 1.0100E+04 0.0000E+00
 1.0125E+04 0.0000E+00
 1.0150E+04 0.0000E+00
 1.0175E+04 0.0000E+00
 1.0200E+04 0.0000E+00
 1.0225E+04 0.0000E+00
 1.0250E+04 0.0000E+00
 1.0275E+04 0.0000E+00
 1.0300E+04 0.0000E+00
 1.0325E+04 0.0000E+00
 1.0350E+04 0.0000E+00
 1.0375E+04 0.0000E+00
 1.0400E+04 0.0000E+00
 1.0425E+04 0.0000E+00
 1.0450E+04 0.0000E+00
 1.0475E+04 0.0000E+00
 1.0500E+04 0.0000E+00
 1.0525E+04 0.0000E+00
 1.0550E+04 0.0000E+00
 1.0575E+04 0.0000E+00
 1.0600E+04 0.0000E+00
 1.0625E+04 0.0000E+00
 1.0650E+04 0.0000E+00
 1.0675E+04 0.0000E+00
 1.0700E+04 0.0000E+00
 1.0725E+04 0.0000E+00
 1.0750E+04 0.0000E+00
 1.0775E+04 0.0000E+00
 1.0800E+04 0.0000E+00
 1.0825E+04 0.0000E+00
 1.0850E+04 0.0000E+00
 1.0875E+04 0.0000E+00
 1.0900E+04 0.0000E+00
 1.0925E+04 0.0000E+00
 1.0950E+04 0.0000E+00
 1.0975E+04 0.0000E+00
 1.1000E+04 0.0000E+00
