-1.6616E+02 0.0000E+00
-1.6533E+02 0.0000E+00
-1.6449E+02 0.0000E+00
-1.6366E+02 0.0000E+00
-1.6282E+02 0.0000E+00
-1.6199E+02 0.0000E+00
-1.6116E+02 0.0000E+00
-1.6032E+02 0.0000E+00
-1.5949E+02 0.0000E+00
-1.5866E+02 0.0000E+00
-1.5782E+02 0.0000E+00
-1.5699E+02 0.0000E+00
-1.5615E+02 0.0000E+00
-1.5532E+02 0.0000E+00
-1.5449E+02 0.0000E+00
-1.5365E+02 0.0000E+00
-1.5282E+02 0.0000E+00
-1.5198E+02 0.0000E+00
-1.5115E+02 0.0000E+00
-1.5032E+02 0.0000E+00
-1.4948E+02 0.0000E+00
-1.4865E+02 0.0000E+00
-1.4781E+02 0.0000E+00
-1.4698E+02 0.0000E+00
-1.4615E+02 0.0000E+00
-1.4531E+02 0.0000E+00
-1.4448E+02 0.0000E+00
-1.4365E+02 0.0000E+00
-1.4281E+02 0.0000E+00
-1.4198E+02 0.0000E+00
-1.4114E+02 0.0000E+00
-1.4031E+02 0.0000E+00
-1.3948E+02 0.0000E+00
-1.3864E+02 0.0000E+00
-1.3781E+02 0.0000E+00
-1.3697E+02 0.0000E+00
-1.3614E+02 0.0000E+00
-1.3531E+02 0.0000E+00
-1.3447E+02 0.0000E+00
-1.3364E+02 0.0000E+00
-1.3280E+02 0.0000E+00
-1.3197E+02 0.0000E+00
-1.3114E+02 0.0000E+00
-1.3030E+02 0.0000E+00
-1.2947E+02 0.0000E+00
-1.2864E+02 0.0000E+00
-1.2780E+02 0.0000E+00
-1.2697E+02 0.0000E+00
-1.2613E+02 0.0000E+00
-1.2530E+02 0.0000E+00
-1.2447E+02 0.0000E+00
-1.2363E+02 0.0000E+00
-1.2280E+02 0.0000E+00
-1.2196E+02 0.0000E+00
-1.2113E+02 0.0000E+00
-1.2030E+02 0.0000E+00
-1.1946E+02 0.0000E+00
-1.1863E+02 0.0000E+00
-1.1779E+02 0.0000E+00
-1.1696E+02 0.0000E+00
-1.1613E+02 0.0000E+00
-1.1529E+02 0.0000E+00
-1.1446E+02 0.0000E+00
-1.1363E+02 0.0000E+00
-1.1279E+02 0.0000E+00
-1.1196E+02 0.0000E+00
-1.1112E+02 0.0000E+00
-1.1029E+02 0.0000E+00
-1.0946E+02 0.0000E+00
-1.0862E+02 0.0000E+00
-1.0779E+02 0.0000E+00
-1.0695E+02 0.0000E+00
-1.0612E+02 0.0000E+00
-1.0529E+02 0.0000E+00
-1.0445E+02 0.0000E+00
-1.0362E+02 0.0000E+00
-1.0278E+02 0.0000E+00
-1.0195E+02 0.0000E+00
-1.0112E+02 0.0000E+00
-1.0028E+02 0.0000E+00
-9.9449E+01 0.0000E+00
-9.8615E+01 0.0000E+00
-9.7781E+01 0.0000E+00
-9.6947E+01 0.0000E+00
-9.6114E+01 0.0000E+00
-9.5280E+01 0.0000E+00
-9.4446E+01 0.0000E+00
-9.3612E+01 0.0000E+00
-9.2778E+01 0.0000E+00
-9.1944E+01 0.0000E+00
-9.1110E+01 0.0000E+00
-9.0276E+01 0.0000E+00
-8.9442E+01 0.0000E+00
-8.8608E+01 0.0000E+00
-8.7775E+01 0.0000E+00
-8.6941E+01 0.0000E+00
-8.6107E+01 0.0000E+00
-8.5273E+01 0.0000E+00
-8.4439E+01 0.0000E+00
-8.3605E+01 0.0000E+00
-8.2771E+01 0.0000E+00
-8.1937E+01 0.0000E+00
-8.1103E+01 0.0000E+00
-8.0270E+01 0.0000E+00
-7.9436E+01 0.0000E+00
-7.8602E+01 0.0000E+00
-7.7768E+01 0.0000E+00
-7.6934E+01 0.0000E+00
-7.6100E+01 0.0000E+00
-7.5266E+01 0.0000E+00
-7.4432E+01 0.0000E+00
-7.3598E+01 0.0000E+00
-7.2765E+01 0.0000E+00
-7.1931E+01 0.0000E+00
-7.1097E+01 0.0000E+00
-7.0263E+01 0.0000E+00
-6.9429E+01 0.0000E+00
-6.8595E+01 0.0000E+00
-6.7761E+01 0.0000E+00
-6.6927E+01 0.0000E+00
-6.6093E+01 0.0000E+00
-6.5260E+01 0.0000E+00
-6.4426E+01 0.0000E+00
-6.3592E+01 0.0000E+00
-6.2758E+01 0.0000E+00
-6.1924E+01 0.0000E+00
-6.1090E+01 0.0000E+00
-6.0256E+01 0.0000E+00
-5.9422E+01 0.0000E+00
-5.8588E+01 0.0000E+00
-5.7755E+01 0.0000E+00
-5.6921E+01 0.0000E+00
-5.6087E+01 0.0000E+00
-5.5253E+01 0.0000E+00
-5.4419E+01 0.0000E+00
-5.3585E+01 0.0000E+00
-5.2751E+01 0.0000E+00
-5.1917E+01 0.0000E+00
-5.1083E+01 0.0000E+00
-5.0250E+01 0.0000E+00
-4.9416E+01 0.0000E+00
-4.8582E+01 0.0000E+00
-4.7748E+01 0.0000E+00
-4.6914E+01 0.0000E+00
-4.6080E+01 0.0000E+00
-4.5246E+01 0.0000E+00
-4.4412E+01 0.0000E+00
-4.3578E+01 0.0000E+00
-4.2745E+01 0.0000E+00
-4.1911E+01 0.0000E+00
-4.1077E+01 0.0000E+00
-4.0243E+01 0.0000E+00
-3.9409E+01 0.0000E+00
-3.8575E+01 0.0000E+00
-3.7741E+01 0.0000E+00
-3.6907E+01 0.0000E+00
-3.6073E+01 0.0000E+00
-3.5240E+01 0.0000E+00
-3.4406E+01 0.0000E+00
-3.3572E+01 0.0000E+00
-3.2738E+01 0.0000E+00
-3.1904E+01 0.0000E+00
-3.1070E+01 0.0000E+00
-3.0236E+01 0.0000E+00
-2.9402E+01 0.0000E+00
-2.8568E+01 0.0000E+00
-2.7735E+01 0.0000E+00
-2.6901E+01 0.0000E+00
-2.6067E+01 0.0000E+00
-2.5233E+01 0.0000E+00
-2.4399E+01 0.0000E+00
-2.3565E+01 0.0000E+00
-2.2731E+01 0.0000E+00
-2.1897E+01 0.0000E+00
-2.1063E+01 0.0000E+00
-2.0230E+01 0.0000E+00
-1.9396E+01 0.0000E+00
-1.8562E+01 0.0000E+00
-1.7728E+01 0.0000E+00
-1.6894E+01 0.0000E+00
-1.6060E+01 0.0000E+00
-1.5226E+01 0.0000E+00
-1.4392E+01 0.0000E+00
-1.3558E+01 0.0000E+00
-1.2725E+01 0.0000E+00
-1.1891E+01 0.0000E+00
-1.1057E+01 0.0000E+00
-1.0223E+01 0.0000E+00
-9.3890E+00 0.0000E+00
-8.5551E+00 0.0000E+00
-7.7212E+00 0.0000E+00
-6.8873E+00 0.0000E+00
-6.0534E+00 0.0000E+00
-5.2196E+00 0.0000E+00
-4.3857E+00 0.0000E+00
-3.5518E+00 0.0000E+00
-2.7179E+00 0.0000E+00
-1.8840E+00 0.0000E+00
-1.0501E+00 0.0000E+00
-2.1622E-01 0.0000E+00
 6.1766E-01 0.0000E+00
 1.4516E+00 0.0000E+00
 2.2854E+00 0.0000E+00
 3.1193E+00 0.0000E+00
 3.9532E+00 0.0000E+00
 4.7871E+00 0.0000E+00
 5.6210E+00 0.0000E+00
 6.4549E+00 0.0000E+00
 7.2888E+00 0.0000E+00
 8.1227E+00 0.0000E+00
 8.9566E+00 0.0000E+00
 9.7904E+00 0.0000E+00
 1.0624E+01 0.0000E+00
 1.1458E+01 0.0000E+00
 1.2292E+01 0.0000E+00
 1.3126E+01 0.0000E+00
 1.3960E+01 0.0000E+00
 1.4794E+01 0.0000E+00
 1.5628E+01 0.0000E+00
 1.6462E+01 0.0000E+00
 1.7295E+01 0.0000E+00
 1.8129E+01 0.0000E+00
 1.8963E+01 0.0000E+00
 1.9797E+01 0.0000E+00
 2.0631E+01 0.0000E+00
 2.1465E+01 0.0000E+00
 2.2299E+01 0.0000E+00
 2.3133E+01 0.0000E+00
 2.3967E+01 0.0000E+00
 2.4800E+01 0.0000E+00
 2.5634E+01 0.0000E+00
 2.6468E+01 0.0000E+00
 2.7302E+01 0.0000E+00
 2.8136E+01 0.0000E+00
 2.8970E+01 0.0000E+00
 2.9804E+01 0.0000E+00
 3.0638E+01 0.0000E+00
 3.1472E+01 0.0000E+00
 3.2305E+01 0.0000E+00
 3.3139E+01 0.0000E+00
 3.3973E+01 0.0000E+00
 3.4807E+01 0.0000E+00
 3.5641E+01 0.0000E+00
 3.6475E+01 0.0000E+00
 3.7309E+01 0.0000E+00
 3.8143E+01 0.0000E+00
 3.8977E+01 0.0000E+00
 3.9810E+01 0.0000E+00
 4.0644E+01 0.0000E+00
 4.1478E+01 0.0000E+00
 4.2312E+01 0.0000E+00
 4.3146E+01 0.0000E+00
 4.3980E+01 0.0000E+00
 4.4814E+01 0.0000E+00
 4.5648E+01 0.0000E+00
 4.6482E+01 0.0000E+00
 4.7315E+01 0.0000E+00
 4.8149E+01 0.0000E+00
 4.8983E+01 0.0000E+00
 4.9817E+01 0.0000E+00
 5.0651E+01 0.0000E+00
 5.1485E+01 0.0000E+00
 5.2319E+01 0.0000E+00
 5.3153E+01 0.0000E+00
 5.3987E+01 0.0000E+00
 5.4820E+01 0.0000E+00
 5.5654E+01 0.0000E+00
 5.6488E+01 0.0000E+00
 5.7322E+01 0.0000E+00
 5.8156E+01 0.0000E+00
 5.8990E+01 0.0000E+00
 5.9824E+01 0.0000E+00
 6.0658E+01 0.0000E+00
 6.1492E+01 0.0000E+00
 6.2325E+01 0.0000E+00
 6.3159E+01 0.0000E+00
 6.3993E+01 0.0000E+00
 6.4827E+01 0.0000E+00
 6.5661E+01 0.0000E+00
 6.6495E+01 0.0000E+00
 6.7329E+01 0.0000E+00
 6.8163E+01 0.0000E+00
 6.8997E+01 0.0000E+00
 6.9830E+01 0.0000E+00
 7.0664E+01 0.0000E+00
 7.1498E+01 0.0000E+00
 7.2332E+01 0.0000E+00
 7.3166E+01 0.0000E+00
 7.4000E+01 0.0000E+00
 7.4834E+01 0.0000E+00
 7.5668E+01 0.0000E+00
 7.6502E+01 0.0000E+00
 7.7335E+01 0.0000E+00
 7.8169E+01 0.0000E+00
 7.9003E+01 0.0000E+00
 7.9837E+01 0.0000E+00
 8.0671E+01 0.0000E+00
 8.1505E+01 0.0000E+00
 8.2339E+01 0.0000E+00
 8.3173E+01 0.0000E+00
 8.4007E+01 0.0000E+00
 8.4840E+01 0.0000E+00
 8.5674E+01 0.0000E+00
 8.6508E+01 0.0000E+00
 8.7342E+01 0.0000E+00
 8.8176E+01 0.0000E+00
 8.9010E+01 0.0000E+00
 8.9844E+01 0.0000E+00
 9.0678E+01 0.0000E+00
 9.1512E+01 0.0000E+00
 9.2345E+01 0.0000E+00
 9.3179E+01 0.0000E+00
 9.4013E+01 0.0000E+00
 9.4847E+01 0.0000E+00
 9.5681E+01 0.0000E+00
 9.6515E+01 0.0000E+00
 9.7349E+01 0.0000E+00
 9.8183E+01 0.0000E+00
 9.9017E+01 0.0000E+00
 9.9851E+01 0.0000E+00
 1.0068E+02 0.0000E+00
 1.0152E+02 0.0000E+00
 1.0235E+02 0.0000E+00
 1.0319E+02 0.0000E+00
 1.0402E+02 0.0000E+00
 1.0485E+02 0.0000E+00
 1.0569E+02 0.0000E+00
 1.0652E+02 0.0000E+00
 1.0736E+02 0.0000E+00
 1.0819E+02 0.0000E+00
 1.0902E+02 0.0000E+00
 1.0986E+02 0.0000E+00
 1.1069E+02 0.0000E+00
 1.1152E+02 0.0000E+00
 1.1236E+02 0.0000E+00
 1.1319E+02 0.0000E+00
 1.1403E+02 0.0000E+00
 1.1486E+02 0.0000E+00
 1.1569E+02 0.0000E+00
 1.1653E+02 0.0000E+00
 1.1736E+02 0.0000E+00
 1.1820E+02 0.0000E+00
 1.1903E+02 0.0000E+00
 1.1986E+02 0.0000E+00
 1.2070E+02 0.0000E+00
 1.2153E+02 0.0000E+00
 1.2237E+02 0.0000E+00
 1.2320E+02 0.0000E+00
 1.2403E+02 0.0000E+00
 1.2487E+02 0.0000E+00
 1.2570E+02 0.0000E+00
 1.2653E+02 0.0000E+00
 1.2737E+02 0.0000E+00
 1.2820E+02 0.0000E+00
 1.2904E+02 0.0000E+00
 1.2987E+02 0.0000E+00
 1.3070E+02 0.0000E+00
 1.3154E+02 0.0000E+00
 1.3237E+02 0.0000E+00
 1.3321E+02 0.0000E+00
 1.3404E+02 0.0000E+00
 1.3487E+02 0.0000E+00
 1.3571E+02 0.0000E+00
 1.3654E+02 0.0000E+00
 1.3738E+02 0.0000E+00
 1.3821E+02 0.0000E+00
 1.3904E+02 0.0000E+00
 1.3988E+02 0.0000E+00
 1.4071E+02 0.0000E+00
 1.4154E+02 0.0000E+00
 1.4238E+02 0.0000E+00
 1.4321E+02 0.0000E+00
 1.4405E+02 0.0000E+00
 1.4488E+02 0.0000E+00
 1.4571E+02 0.0000E+00
 1.4655E+02 0.0000E+00
 1.4738E+02 0.0000E+00
 1.4822E+02 0.0000E+00
 1.4905E+02 0.0000E+00
 1.4988E+02 0.0000E+00
 1.5072E+02 0.0000E+00
 1.5155E+02 0.0000E+00
 1.5239E+02 0.0000E+00
 1.5322E+02 0.0000E+00
 1.5405E+02 0.0000E+00
 1.5489E+02 0.0000E+00
 1.5572E+02 0.0000E+00
 1.5655E+02 0.0000E+00
 1.5739E+02 0.0000E+00
 1.5822E+02 0.0000E+00
 1.5906E+02 0.0000E+00
 1.5989E+02 0.0000E+00
 1.6072E+02 0.0000E+00
 1.6156E+02 0.0000E+00
 1.6239E+02 0.0000E+00
 1.6323E+02 0.0000E+00
 1.6406E+02 0.0000E+00
 1.6489E+02 0.0000E+00
 1.6573E+02 0.0000E+00
 1.6656E+02 0.0000E+00
