   500   701   1   1   0   1      r             |a|^2     emarz=6000.0mu  
  1300   400   1   1   0   1      t/fs            |a|^2   emazz=6000.0mu  
 -1350   400   1   1   0   1      t/fs          arg(a)    emphz=6000.0mu  
 -1.6000E+02  1.7000E+02  6.6711E+01 -4.0000E+00  4.0000E+00  2.0000E+00
  -200   701   1   1   0   1      r             ne        rherz=6000.0mu  
  0.0000E+00  1.0000E+02  4.0000E+01  0.0000E+00  1.5000E+00  5.0000E-01
 -1000   400   1   1   0   1      t/fs          na        natzz=6000.0mu  
 -1.6000E+02  1.7000E+02  6.6711E+01  0.0000E+00  1.5000E+00  5.0000E-01
 -1100   400   1   1   0   1      t/fs          ne        rhezz=6000.0mu  
 -1.6000E+02  1.7000E+02  6.6711E+01  0.0000E+00  1.5000E+00  5.0000E-01
 -1050   400   1   1   0   1      t/fs          ni(1+)    ni1zz=6000.0mu  
 -1.6000E+02  1.7000E+02  6.6711E+01  0.0000E+00  1.5000E+00  5.0000E-01
 -1150   400   1   1   0   1      t/fs          ni(2+)    ni2zz=6000.0mu  
 -1.6000E+02  1.7000E+02  6.6711E+01  0.0000E+00  1.5000E+00  5.0000E-01
 -1200   400   1   1   0   1      t/fs          n0        ni0zz=6000.0mu  
 -1.6000E+02  1.7000E+02  6.6711E+01  0.0000E+00  1.5000E+00  5.0000E-01
   501   701   1   1   0   1      r             |a|^2     emarz=6080.0mu  
  1301   400   1   1   0   1      t/fs            |a|^2   emazz=6080.0mu  
 -1351   400   1   1   0   1      t/fs          arg(a)    emphz=6080.0mu  
 -1.6000E+02  1.7000E+02  6.6711E+01 -4.0000E+00  4.0000E+00  2.0000E+00
  -201   701   1   1   0   1      r             ne        rherz=6080.0mu  
  0.0000E+00  1.0000E+02  4.0000E+01  0.0000E+00  1.5000E+00  5.0000E-01
 -1001   400   1   1   0   1      t/fs          na        natzz=6080.0mu  
 -1.6000E+02  1.7000E+02  6.6711E+01  0.0000E+00  1.5000E+00  5.0000E-01
 -1101   400   1   1   0   1      t/fs          ne        rhezz=6080.0mu  
 -1.6000E+02  1.7000E+02  6.6711E+01  0.0000E+00  1.5000E+00  5.0000E-01
 -1051   400   1   1   0   1      t/fs          ni(1+)    ni1zz=6080.0mu  
 -1.6000E+02  1.7000E+02  6.6711E+01  0.0000E+00  1.5000E+00  5.0000E-01
 -1151   400   1   1   0   1      t/fs          ni(2+)    ni2zz=6080.0mu  
 -1.6000E+02  1.7000E+02  6.6711E+01  0.0000E+00  1.5000E+00  5.0000E-01
 -1201   400   1   1   0   1      t/fs          n0        ni0zz=6080.0mu  
 -1.6000E+02  1.7000E+02  6.6711E+01  0.0000E+00  1.5000E+00  5.0000E-01
   502   701   1   1   0   1      r             |a|^2     emarz=6160.0mu  
  1302   400   1   1   0   1      t/fs            |a|^2   emazz=6160.0mu  
 -1352   400   1   1   0   1      t/fs          arg(a)    emphz=6160.0mu  
 -1.6000E+02  1.7000E+02  6.6711E+01 -4.0000E+00  4.0000E+00  2.0000E+00
  -202   701   1   1   0   1      r             ne        rherz=6160.0mu  
  0.0000E+00  1.0000E+02  4.0000E+01  0.0000E+00  1.5000E+00  5.0000E-01
 -1002   400   1   1   0   1      t/fs          na        natzz=6160.0mu  
 -1.6000E+02  1.7000E+02  6.6711E+01  0.0000E+00  1.5000E+00  5.0000E-01
 -1102   400   1   1   0   1      t/fs          ne        rhezz=6160.0mu  
 -1.6000E+02  1.7000E+02  6.6711E+01  0.0000E+00  1.5000E+00  5.0000E-01
 -1052   400   1   1   0   1      t/fs          ni(1+)    ni1zz=6160.0mu  
 -1.6000E+02  1.7000E+02  6.6711E+01  0.0000E+00  1.5000E+00  5.0000E-01
 -1152   400   1   1   0   1      t/fs          ni(2+)    ni2zz=6160.0mu  
 -1.6000E+02  1.7000E+02  6.6711E+01  0.0000E+00  1.5000E+00  5.0000E-01
 -1202   400   1   1   0   1      t/fs          n0        ni0zz=6160.0mu  
 -1.6000E+02  1.7000E+02  6.6711E+01  0.0000E+00  1.5000E+00  5.0000E-01
   503   701   1   1   0   1      r             |a|^2     emarz=6240.0mu  
  1303   400   1   1   0   1      t/fs            |a|^2   emazz=6240.0mu  
 -1353   400   1   1   0   1      t/fs          arg(a)    emphz=6240.0mu  
 -1.6000E+02  1.7000E+02  6.6711E+01 -4.0000E+00  4.0000E+00  2.0000E+00
  -203   701   1   1   0   1      r             ne        rherz=6240.0mu  
  0.0000E+00  1.0000E+02  4.0000E+01  0.0000E+00  1.5000E+00  5.0000E-01
 -1003   400   1   1   0   1      t/fs          na        natzz=6240.0mu  
 -1.6000E+02  1.7000E+02  6.6711E+01  0.0000E+00  1.5000E+00  5.0000E-01
 -1103   400   1   1   0   1      t/fs          ne        rhezz=6240.0mu  
 -1.6000E+02  1.7000E+02  6.6711E+01  0.0000E+00  1.5000E+00  5.0000E-01
 -1053   400   1   1   0   1      t/fs          ni(1+)    ni1zz=6240.0mu  
 -1.6000E+02  1.7000E+02  6.6711E+01  0.0000E+00  1.5000E+00  5.0000E-01
 -1153   400   1   1   0   1      t/fs          ni(2+)    ni2zz=6240.0mu  
 -1.6000E+02  1.7000E+02  6.6711E+01  0.0000E+00  1.5000E+00  5.0000E-01
 -1203   400   1   1   0   1      t/fs          n0        ni0zz=6240.0mu  
 -1.6000E+02  1.7000E+02  6.6711E+01  0.0000E+00  1.5000E+00  5.0000E-01
   504   701   1   1   0   1      r             |a|^2     emarz=6320.0mu  
  1304   400   1   1   0   1      t/fs            |a|^2   emazz=6320.0mu  
 -1354   400   1   1   0   1      t/fs          arg(a)    emphz=6320.0mu  
 -1.6000E+02  1.7000E+02  6.6711E+01 -4.0000E+00  4.0000E+00  2.0000E+00
  -204   701   1   1   0   1      r             ne        rherz=6320.0mu  
  0.0000E+00  1.0000E+02  4.0000E+01  0.0000E+00  1.5000E+00  5.0000E-01
 -1004   400   1   1   0   1      t/fs          na        natzz=6320.0mu  
 -1.6000E+02  1.7000E+02  6.6711E+01  0.0000E+00  1.5000E+00  5.0000E-01
 -1104   400   1   1   0   1      t/fs          ne        rhezz=6320.0mu  
 -1.6000E+02  1.7000E+02  6.6711E+01  0.0000E+00  1.5000E+00  5.0000E-01
 -1054   400   1   1   0   1      t/fs          ni(1+)    ni1zz=6320.0mu  
 -1.6000E+02  1.7000E+02  6.6711E+01  0.0000E+00  1.5000E+00  5.0000E-01
 -1154   400   1   1   0   1      t/fs          ni(2+)    ni2zz=6320.0mu  
 -1.6000E+02  1.7000E+02  6.6711E+01  0.0000E+00  1.5000E+00  5.0000E-01
 -1204   400   1   1   0   1      t/fs          n0        ni0zz=6320.0mu  
 -1.6000E+02  1.7000E+02  6.6711E+01  0.0000E+00  1.5000E+00  5.0000E-01
   505   701   1   1   0   1      r             |a|^2     emarz=6400.0mu  
  1305   400   1   1   0   1      t/fs            |a|^2   emazz=6400.0mu  
 -1355   400   1   1   0   1      t/fs          arg(a)    emphz=6400.0mu  
 -1.6000E+02  1.7000E+02  6.6711E+01 -4.0000E+00  4.0000E+00  2.0000E+00
  -205   701   1   1   0   1      r             ne        rherz=6400.0mu  
  0.0000E+00  1.0000E+02  4.0000E+01  0.0000E+00  1.5000E+00  5.0000E-01
 -1005   400   1   1   0   1      t/fs          na        natzz=6400.0mu  
 -1.6000E+02  1.7000E+02  6.6711E+01  0.0000E+00  1.5000E+00  5.0000E-01
 -1105   400   1   1   0   1      t/fs          ne        rhezz=6400.0mu  
 -1.6000E+02  1.7000E+02  6.6711E+01  0.0000E+00  1.5000E+00  5.0000E-01
 -1055   400   1   1   0   1      t/fs          ni(1+)    ni1zz=6400.0mu  
 -1.6000E+02  1.7000E+02  6.6711E+01  0.0000E+00  1.5000E+00  5.0000E-01
 -1155   400   1   1   0   1      t/fs          ni(2+)    ni2zz=6400.0mu  
 -1.6000E+02  1.7000E+02  6.6711E+01  0.0000E+00  1.5000E+00  5.0000E-01
 -1205   400   1   1   0   1      t/fs          n0        ni0zz=6400.0mu  
 -1.6000E+02  1.7000E+02  6.6711E+01  0.0000E+00  1.5000E+00  5.0000E-01
   506   701   1   1   0   1      r             |a|^2     emarz=6480.0mu  
  1306   400   1   1   0   1      t/fs            |a|^2   emazz=6480.0mu  
 -1356   400   1   1   0   1      t/fs          arg(a)    emphz=6480.0mu  
 -1.6000E+02  1.7000E+02  6.6711E+01 -4.0000E+00  4.0000E+00  2.0000E+00
  -206   701   1   1   0   1      r             ne        rherz=6480.0mu  
  0.0000E+00  1.0000E+02  4.0000E+01  0.0000E+00  1.5000E+00  5.0000E-01
 -1006   400   1   1   0   1      t/fs          na        natzz=6480.0mu  
 -1.6000E+02  1.7000E+02  6.6711E+01  0.0000E+00  1.5000E+00  5.0000E-01
 -1106   400   1   1   0   1      t/fs          ne        rhezz=6480.0mu  
 -1.6000E+02  1.7000E+02  6.6711E+01  0.0000E+00  1.5000E+00  5.0000E-01
 -1056   400   1   1   0   1      t/fs          ni(1+)    ni1zz=6480.0mu  
 -1.6000E+02  1.7000E+02  6.6711E+01  0.0000E+00  1.5000E+00  5.0000E-01
 -1156   400   1   1   0   1      t/fs          ni(2+)    ni2zz=6480.0mu  
 -1.6000E+02  1.7000E+02  6.6711E+01  0.0000E+00  1.5000E+00  5.0000E-01
 -1206   400   1   1   0   1      t/fs          n0        ni0zz=6480.0mu  
 -1.6000E+02  1.7000E+02  6.6711E+01  0.0000E+00  1.5000E+00  5.0000E-01
   507   701   1   1   0   1      r             |a|^2     emarz=6560.0mu  
  1307   400   1   1   0   1      t/fs            |a|^2   emazz=6560.0mu  
 -1357   400   1   1   0   1      t/fs          arg(a)    emphz=6560.0mu  
 -1.6000E+02  1.7000E+02  6.6711E+01 -4.0000E+00  4.0000E+00  2.0000E+00
  -207   701   1   1   0   1      r             ne        rherz=6560.0mu  
  0.0000E+00  1.0000E+02  4.0000E+01  0.0000E+00  1.5000E+00  5.0000E-01
 -1007   400   1   1   0   1      t/fs          na        natzz=6560.0mu  
 -1.6000E+02  1.7000E+02  6.6711E+01  0.0000E+00  1.5000E+00  5.0000E-01
 -1107   400   1   1   0   1      t/fs          ne        rhezz=6560.0mu  
 -1.6000E+02  1.7000E+02  6.6711E+01  0.0000E+00  1.5000E+00  5.0000E-01
 -1057   400   1   1   0   1      t/fs          ni(1+)    ni1zz=6560.0mu  
 -1.6000E+02  1.7000E+02  6.6711E+01  0.0000E+00  1.5000E+00  5.0000E-01
 -1157   400   1   1   0   1      t/fs          ni(2+)    ni2zz=6560.0mu  
 -1.6000E+02  1.7000E+02  6.6711E+01  0.0000E+00  1.5000E+00  5.0000E-01
 -1207   400   1   1   0   1      t/fs          n0        ni0zz=6560.0mu  
 -1.6000E+02  1.7000E+02  6.6711E+01  0.0000E+00  1.5000E+00  5.0000E-01
   508   701   1   1   0   1      r             |a|^2     emarz=6640.0mu  
  1308   400   1   1   0   1      t/fs            |a|^2   emazz=6640.0mu  
 -1358   400   1   1   0   1      t/fs          arg(a)    emphz=6640.0mu  
 -1.6000E+02  1.7000E+02  6.6711E+01 -4.0000E+00  4.0000E+00  2.0000E+00
  -208   701   1   1   0   1      r             ne        rherz=6640.0mu  
  0.0000E+00  1.0000E+02  4.0000E+01  0.0000E+00  1.5000E+00  5.0000E-01
 -1008   400   1   1   0   1      t/fs          na        natzz=6640.0mu  
 -1.6000E+02  1.7000E+02  6.6711E+01  0.0000E+00  1.5000E+00  5.0000E-01
 -1108   400   1   1   0   1      t/fs          ne        rhezz=6640.0mu  
 -1.6000E+02  1.7000E+02  6.6711E+01  0.0000E+00  1.5000E+00  5.0000E-01
 -1058   400   1   1   0   1      t/fs          ni(1+)    ni1zz=6640.0mu  
 -1.6000E+02  1.7000E+02  6.6711E+01  0.0000E+00  1.5000E+00  5.0000E-01
 -1158   400   1   1   0   1      t/fs          ni(2+)    ni2zz=6640.0mu  
 -1.6000E+02  1.7000E+02  6.6711E+01  0.0000E+00  1.5000E+00  5.0000E-01
 -1208   400   1   1   0   1      t/fs          n0        ni0zz=6640.0mu  
 -1.6000E+02  1.7000E+02  6.6711E+01  0.0000E+00  1.5000E+00  5.0000E-01
   509   701   1   1   0   1      r             |a|^2     emarz=6720.0mu  
  1309   400   1   1   0   1      t/fs            |a|^2   emazz=6720.0mu  
 -1359   400   1   1   0   1      t/fs          arg(a)    emphz=6720.0mu  
 -1.6000E+02  1.7000E+02  6.6711E+01 -4.0000E+00  4.0000E+00  2.0000E+00
  -209   701   1   1   0   1      r             ne        rherz=6720.0mu  
  0.0000E+00  1.0000E+02  4.0000E+01  0.0000E+00  1.5000E+00  5.0000E-01
 -1009   400   1   1   0   1      t/fs          na        natzz=6720.0mu  
 -1.6000E+02  1.7000E+02  6.6711E+01  0.0000E+00  1.5000E+00  5.0000E-01
 -1109   400   1   1   0   1      t/fs          ne        rhezz=6720.0mu  
 -1.6000E+02  1.7000E+02  6.6711E+01  0.0000E+00  1.5000E+00  5.0000E-01
 -1059   400   1   1   0   1      t/fs          ni(1+)    ni1zz=6720.0mu  
 -1.6000E+02  1.7000E+02  6.6711E+01  0.0000E+00  1.5000E+00  5.0000E-01
 -1159   400   1   1   0   1      t/fs          ni(2+)    ni2zz=6720.0mu  
 -1.6000E+02  1.7000E+02  6.6711E+01  0.0000E+00  1.5000E+00  5.0000E-01
 -1209   400   1   1   0   1      t/fs          n0        ni0zz=6720.0mu  
 -1.6000E+02  1.7000E+02  6.6711E+01  0.0000E+00  1.5000E+00  5.0000E-01
   510   701   1   1   0   1      r             |a|^2     emarz=6800.0mu  
  1310   400   1   1   0   1      t/fs            |a|^2   emazz=6800.0mu  
 -1360   400   1   1   0   1      t/fs          arg(a)    emphz=6800.0mu  
 -1.6000E+02  1.7000E+02  6.6711E+01 -4.0000E+00  4.0000E+00  2.0000E+00
  -210   701   1   1   0   1      r             ne        rherz=6800.0mu  
  0.0000E+00  1.0000E+02  4.0000E+01  0.0000E+00  1.5000E+00  5.0000E-01
 -1010   400   1   1   0   1      t/fs          na        natzz=6800.0mu  
 -1.6000E+02  1.7000E+02  6.6711E+01  0.0000E+00  1.5000E+00  5.0000E-01
 -1110   400   1   1   0   1      t/fs          ne        rhezz=6800.0mu  
 -1.6000E+02  1.7000E+02  6.6711E+01  0.0000E+00  1.5000E+00  5.0000E-01
 -1060   400   1   1   0   1      t/fs          ni(1+)    ni1zz=6800.0mu  
 -1.6000E+02  1.7000E+02  6.6711E+01  0.0000E+00  1.5000E+00  5.0000E-01
 -1160   400   1   1   0   1      t/fs          ni(2+)    ni2zz=6800.0mu  
 -1.6000E+02  1.7000E+02  6.6711E+01  0.0000E+00  1.5000E+00  5.0000E-01
 -1210   400   1   1   0   1      t/fs          n0        ni0zz=6800.0mu  
 -1.6000E+02  1.7000E+02  6.6711E+01  0.0000E+00  1.5000E+00  5.0000E-01
   511   701   1   1   0   1      r             |a|^2     emarz=6880.0mu  
  1311   400   1   1   0   1      t/fs            |a|^2   emazz=6880.0mu  
 -1361   400   1   1   0   1      t/fs          arg(a)    emphz=6880.0mu  
 -1.6000E+02  1.7000E+02  6.6711E+01 -4.0000E+00  4.0000E+00  2.0000E+00
  -211   701   1   1   0   1      r             ne        rherz=6880.0mu  
  0.0000E+00  1.0000E+02  4.0000E+01  0.0000E+00  1.5000E+00  5.0000E-01
 -1011   400   1   1   0   1      t/fs          na        natzz=6880.0mu  
 -1.6000E+02  1.7000E+02  6.6711E+01  0.0000E+00  1.5000E+00  5.0000E-01
 -1111   400   1   1   0   1      t/fs          ne        rhezz=6880.0mu  
 -1.6000E+02  1.7000E+02  6.6711E+01  0.0000E+00  1.5000E+00  5.0000E-01
 -1061   400   1   1   0   1      t/fs          ni(1+)    ni1zz=6880.0mu  
 -1.6000E+02  1.7000E+02  6.6711E+01  0.0000E+00  1.5000E+00  5.0000E-01
 -1161   400   1   1   0   1      t/fs          ni(2+)    ni2zz=6880.0mu  
 -1.6000E+02  1.7000E+02  6.6711E+01  0.0000E+00  1.5000E+00  5.0000E-01
 -1211   400   1   1   0   1      t/fs          n0        ni0zz=6880.0mu  
 -1.6000E+02  1.7000E+02  6.6711E+01  0.0000E+00  1.5000E+00  5.0000E-01
   512   701   1   1   0   1      r             |a|^2     emarz=6960.0mu  
  1312   400   1   1   0   1      t/fs            |a|^2   emazz=6960.0mu  
 -1362   400   1   1   0   1      t/fs          arg(a)    emphz=6960.0mu  
 -1.6000E+02  1.7000E+02  6.6711E+01 -4.0000E+00  4.0000E+00  2.0000E+00
  -212   701   1   1   0   1      r             ne        rherz=6960.0mu  
  0.0000E+00  1.0000E+02  4.0000E+01  0.0000E+00  1.5000E+00  5.0000E-01
 -1012   400   1   1   0   1      t/fs          na        natzz=6960.0mu  
 -1.6000E+02  1.7000E+02  6.6711E+01  0.0000E+00  1.5000E+00  5.0000E-01
 -1112   400   1   1   0   1      t/fs          ne        rhezz=6960.0mu  
 -1.6000E+02  1.7000E+02  6.6711E+01  0.0000E+00  1.5000E+00  5.0000E-01
 -1062   400   1   1   0   1      t/fs          ni(1+)    ni1zz=6960.0mu  
 -1.6000E+02  1.7000E+02  6.6711E+01  0.0000E+00  1.5000E+00  5.0000E-01
 -1162   400   1   1   0   1      t/fs          ni(2+)    ni2zz=6960.0mu  
 -1.6000E+02  1.7000E+02  6.6711E+01  0.0000E+00  1.5000E+00  5.0000E-01
 -1212   400   1   1   0   1      t/fs          n0        ni0zz=6960.0mu  
 -1.6000E+02  1.7000E+02  6.6711E+01  0.0000E+00  1.5000E+00  5.0000E-01
   513   701   1   1   0   1      r             |a|^2     emarz=7040.0mu  
  1313   400   1   1   0   1      t/fs            |a|^2   emazz=7040.0mu  
 -1363   400   1   1   0   1      t/fs          arg(a)    emphz=7040.0mu  
 -1.6000E+02  1.7000E+02  6.6711E+01 -4.0000E+00  4.0000E+00  2.0000E+00
  -213   701   1   1   0   1      r             ne        rherz=7040.0mu  
  0.0000E+00  1.0000E+02  4.0000E+01  0.0000E+00  1.5000E+00  5.0000E-01
 -1013   400   1   1   0   1      t/fs          na        natzz=7040.0mu  
 -1.6000E+02  1.7000E+02  6.6711E+01  0.0000E+00  1.5000E+00  5.0000E-01
 -1113   400   1   1   0   1      t/fs          ne        rhezz=7040.0mu  
 -1.6000E+02  1.7000E+02  6.6711E+01  0.0000E+00  1.5000E+00  5.0000E-01
 -1063   400   1   1   0   1      t/fs          ni(1+)    ni1zz=7040.0mu  
 -1.6000E+02  1.7000E+02  6.6711E+01  0.0000E+00  1.5000E+00  5.0000E-01
 -1163   400   1   1   0   1      t/fs          ni(2+)    ni2zz=7040.0mu  
 -1.6000E+02  1.7000E+02  6.6711E+01  0.0000E+00  1.5000E+00  5.0000E-01
 -1213   400   1   1   0   1      t/fs          n0        ni0zz=7040.0mu  
 -1.6000E+02  1.7000E+02  6.6711E+01  0.0000E+00  1.5000E+00  5.0000E-01
   514   701   1   1   0   1      r             |a|^2     emarz=7120.1mu  
  1314   400   1   1   0   1      t/fs            |a|^2   emazz=7120.1mu  
 -1364   400   1   1   0   1      t/fs          arg(a)    emphz=7120.1mu  
 -1.6000E+02  1.7000E+02  6.6711E+01 -4.0000E+00  4.0000E+00  2.0000E+00
  -214   701   1   1   0   1      r             ne        rherz=7120.1mu  
  0.0000E+00  1.0000E+02  4.0000E+01  0.0000E+00  1.5000E+00  5.0000E-01
 -1014   400   1   1   0   1      t/fs          na        natzz=7120.1mu  
 -1.6000E+02  1.7000E+02  6.6711E+01  0.0000E+00  1.5000E+00  5.0000E-01
 -1114   400   1   1   0   1      t/fs          ne        rhezz=7120.1mu  
 -1.6000E+02  1.7000E+02  6.6711E+01  0.0000E+00  1.5000E+00  5.0000E-01
 -1064   400   1   1   0   1      t/fs          ni(1+)    ni1zz=7120.1mu  
 -1.6000E+02  1.7000E+02  6.6711E+01  0.0000E+00  1.5000E+00  5.0000E-01
 -1164   400   1   1   0   1      t/fs          ni(2+)    ni2zz=7120.1mu  
 -1.6000E+02  1.7000E+02  6.6711E+01  0.0000E+00  1.5000E+00  5.0000E-01
 -1214   400   1   1   0   1      t/fs          n0        ni0zz=7120.1mu  
 -1.6000E+02  1.7000E+02  6.6711E+01  0.0000E+00  1.5000E+00  5.0000E-01
   515   701   1   1   0   1      r             |a|^2     emarz=7200.1mu  
  1315   400   1   1   0   1      t/fs            |a|^2   emazz=7200.1mu  
 -1365   400   1   1   0   1      t/fs          arg(a)    emphz=7200.1mu  
 -1.6000E+02  1.7000E+02  6.6711E+01 -4.0000E+00  4.0000E+00  2.0000E+00
  -215   701   1   1   0   1      r             ne        rherz=7200.1mu  
  0.0000E+00  1.0000E+02  4.0000E+01  0.0000E+00  1.5000E+00  5.0000E-01
 -1015   400   1   1   0   1      t/fs          na        natzz=7200.1mu  
 -1.6000E+02  1.7000E+02  6.6711E+01  0.0000E+00  1.5000E+00  5.0000E-01
 -1115   400   1   1   0   1      t/fs          ne        rhezz=7200.1mu  
 -1.6000E+02  1.7000E+02  6.6711E+01  0.0000E+00  1.5000E+00  5.0000E-01
 -1065   400   1   1   0   1      t/fs          ni(1+)    ni1zz=7200.1mu  
 -1.6000E+02  1.7000E+02  6.6711E+01  0.0000E+00  1.5000E+00  5.0000E-01
 -1165   400   1   1   0   1      t/fs          ni(2+)    ni2zz=7200.1mu  
 -1.6000E+02  1.7000E+02  6.6711E+01  0.0000E+00  1.5000E+00  5.0000E-01
 -1215   400   1   1   0   1      t/fs          n0        ni0zz=7200.1mu  
 -1.6000E+02  1.7000E+02  6.6711E+01  0.0000E+00  1.5000E+00  5.0000E-01
   516   701   1   1   0   1      r             |a|^2     emarz=7280.1mu  
  1316   400   1   1   0   1      t/fs            |a|^2   emazz=7280.1mu  
 -1366   400   1   1   0   1      t/fs          arg(a)    emphz=7280.1mu  
 -1.6000E+02  1.7000E+02  6.6711E+01 -4.0000E+00  4.0000E+00  2.0000E+00
  -216   701   1   1   0   1      r             ne        rherz=7280.1mu  
  0.0000E+00  1.0000E+02  4.0000E+01  0.0000E+00  1.5000E+00  5.0000E-01
 -1016   400   1   1   0   1      t/fs          na        natzz=7280.1mu  
 -1.6000E+02  1.7000E+02  6.6711E+01  0.0000E+00  1.5000E+00  5.0000E-01
 -1116   400   1   1   0   1      t/fs          ne        rhezz=7280.1mu  
 -1.6000E+02  1.7000E+02  6.6711E+01  0.0000E+00  1.5000E+00  5.0000E-01
 -1066   400   1   1   0   1      t/fs          ni(1+)    ni1zz=7280.1mu  
 -1.6000E+02  1.7000E+02  6.6711E+01  0.0000E+00  1.5000E+00  5.0000E-01
 -1166   400   1   1   0   1      t/fs          ni(2+)    ni2zz=7280.1mu  
 -1.6000E+02  1.7000E+02  6.6711E+01  0.0000E+00  1.5000E+00  5.0000E-01
 -1216   400   1   1   0   1      t/fs          n0        ni0zz=7280.1mu  
 -1.6000E+02  1.7000E+02  6.6711E+01  0.0000E+00  1.5000E+00  5.0000E-01
   517   701   1   1   0   1      r             |a|^2     emarz=7360.1mu  
  1317   400   1   1   0   1      t/fs            |a|^2   emazz=7360.1mu  
 -1367   400   1   1   0   1      t/fs          arg(a)    emphz=7360.1mu  
 -1.6000E+02  1.7000E+02  6.6711E+01 -4.0000E+00  4.0000E+00  2.0000E+00
  -217   701   1   1   0   1      r             ne        rherz=7360.1mu  
  0.0000E+00  1.0000E+02  4.0000E+01  0.0000E+00  1.5000E+00  5.0000E-01
 -1017   400   1   1   0   1      t/fs          na        natzz=7360.1mu  
 -1.6000E+02  1.7000E+02  6.6711E+01  0.0000E+00  1.5000E+00  5.0000E-01
 -1117   400   1   1   0   1      t/fs          ne        rhezz=7360.1mu  
 -1.6000E+02  1.7000E+02  6.6711E+01  0.0000E+00  1.5000E+00  5.0000E-01
 -1067   400   1   1   0   1      t/fs          ni(1+)    ni1zz=7360.1mu  
 -1.6000E+02  1.7000E+02  6.6711E+01  0.0000E+00  1.5000E+00  5.0000E-01
 -1167   400   1   1   0   1      t/fs          ni(2+)    ni2zz=7360.1mu  
 -1.6000E+02  1.7000E+02  6.6711E+01  0.0000E+00  1.5000E+00  5.0000E-01
 -1217   400   1   1   0   1      t/fs          n0        ni0zz=7360.1mu  
 -1.6000E+02  1.7000E+02  6.6711E+01  0.0000E+00  1.5000E+00  5.0000E-01
   518   701   1   1   0   1      r             |a|^2     emarz=7440.1mu  
  1318   400   1   1   0   1      t/fs            |a|^2   emazz=7440.1mu  
 -1368   400   1   1   0   1      t/fs          arg(a)    emphz=7440.1mu  
 -1.6000E+02  1.7000E+02  6.6711E+01 -4.0000E+00  4.0000E+00  2.0000E+00
  -218   701   1   1   0   1      r             ne        rherz=7440.1mu  
  0.0000E+00  1.0000E+02  4.0000E+01  0.0000E+00  1.5000E+00  5.0000E-01
 -1018   400   1   1   0   1      t/fs          na        natzz=7440.1mu  
 -1.6000E+02  1.7000E+02  6.6711E+01  0.0000E+00  1.5000E+00  5.0000E-01
 -1118   400   1   1   0   1      t/fs          ne        rhezz=7440.1mu  
 -1.6000E+02  1.7000E+02  6.6711E+01  0.0000E+00  1.5000E+00  5.0000E-01
 -1068   400   1   1   0   1      t/fs          ni(1+)    ni1zz=7440.1mu  
 -1.6000E+02  1.7000E+02  6.6711E+01  0.0000E+00  1.5000E+00  5.0000E-01
 -1168   400   1   1   0   1      t/fs          ni(2+)    ni2zz=7440.1mu  
 -1.6000E+02  1.7000E+02  6.6711E+01  0.0000E+00  1.5000E+00  5.0000E-01
 -1218   400   1   1   0   1      t/fs          n0        ni0zz=7440.1mu  
 -1.6000E+02  1.7000E+02  6.6711E+01  0.0000E+00  1.5000E+00  5.0000E-01
   519   701   1   1   0   1      r             |a|^2     emarz=7520.1mu  
  1319   400   1   1   0   1      t/fs            |a|^2   emazz=7520.1mu  
 -1369   400   1   1   0   1      t/fs          arg(a)    emphz=7520.1mu  
 -1.6000E+02  1.7000E+02  6.6711E+01 -4.0000E+00  4.0000E+00  2.0000E+00
  -219   701   1   1   0   1      r             ne        rherz=7520.1mu  
  0.0000E+00  1.0000E+02  4.0000E+01  0.0000E+00  1.5000E+00  5.0000E-01
 -1019   400   1   1   0   1      t/fs          na        natzz=7520.1mu  
 -1.6000E+02  1.7000E+02  6.6711E+01  0.0000E+00  1.5000E+00  5.0000E-01
 -1119   400   1   1   0   1      t/fs          ne        rhezz=7520.1mu  
 -1.6000E+02  1.7000E+02  6.6711E+01  0.0000E+00  1.5000E+00  5.0000E-01
 -1069   400   1   1   0   1      t/fs          ni(1+)    ni1zz=7520.1mu  
 -1.6000E+02  1.7000E+02  6.6711E+01  0.0000E+00  1.5000E+00  5.0000E-01
 -1169   400   1   1   0   1      t/fs          ni(2+)    ni2zz=7520.1mu  
 -1.6000E+02  1.7000E+02  6.6711E+01  0.0000E+00  1.5000E+00  5.0000E-01
 -1219   400   1   1   0   1      t/fs          n0        ni0zz=7520.1mu  
 -1.6000E+02  1.7000E+02  6.6711E+01  0.0000E+00  1.5000E+00  5.0000E-01
   520   701   1   1   0   1      r             |a|^2     emarz=7600.1mu  
  1320   400   1   1   0   1      t/fs            |a|^2   emazz=7600.1mu  
 -1370   400   1   1   0   1      t/fs          arg(a)    emphz=7600.1mu  
 -1.6000E+02  1.7000E+02  6.6711E+01 -4.0000E+00  4.0000E+00  2.0000E+00
  -220   701   1   1   0   1      r             ne        rherz=7600.1mu  
  0.0000E+00  1.0000E+02  4.0000E+01  0.0000E+00  1.5000E+00  5.0000E-01
 -1020   400   1   1   0   1      t/fs          na        natzz=7600.1mu  
 -1.6000E+02  1.7000E+02  6.6711E+01  0.0000E+00  1.5000E+00  5.0000E-01
 -1120   400   1   1   0   1      t/fs          ne        rhezz=7600.1mu  
 -1.6000E+02  1.7000E+02  6.6711E+01  0.0000E+00  1.5000E+00  5.0000E-01
 -1070   400   1   1   0   1      t/fs          ni(1+)    ni1zz=7600.1mu  
 -1.6000E+02  1.7000E+02  6.6711E+01  0.0000E+00  1.5000E+00  5.0000E-01
 -1170   400   1   1   0   1      t/fs          ni(2+)    ni2zz=7600.1mu  
 -1.6000E+02  1.7000E+02  6.6711E+01  0.0000E+00  1.5000E+00  5.0000E-01
 -1220   400   1   1   0   1      t/fs          n0        ni0zz=7600.1mu  
 -1.6000E+02  1.7000E+02  6.6711E+01  0.0000E+00  1.5000E+00  5.0000E-01
   521   701   1   1   0   1      r             |a|^2     emarz=7680.1mu  
  1321   400   1   1   0   1      t/fs            |a|^2   emazz=7680.1mu  
 -1371   400   1   1   0   1      t/fs          arg(a)    emphz=7680.1mu  
 -1.6000E+02  1.7000E+02  6.6711E+01 -4.0000E+00  4.0000E+00  2.0000E+00
  -221   701   1   1   0   1      r             ne        rherz=7680.1mu  
  0.0000E+00  1.0000E+02  4.0000E+01  0.0000E+00  1.5000E+00  5.0000E-01
 -1021   400   1   1   0   1      t/fs          na        natzz=7680.1mu  
 -1.6000E+02  1.7000E+02  6.6711E+01  0.0000E+00  1.5000E+00  5.0000E-01
 -1121   400   1   1   0   1      t/fs          ne        rhezz=7680.1mu  
 -1.6000E+02  1.7000E+02  6.6711E+01  0.0000E+00  1.5000E+00  5.0000E-01
 -1071   400   1   1   0   1      t/fs          ni(1+)    ni1zz=7680.1mu  
 -1.6000E+02  1.7000E+02  6.6711E+01  0.0000E+00  1.5000E+00  5.0000E-01
 -1171   400   1   1   0   1      t/fs          ni(2+)    ni2zz=7680.1mu  
 -1.6000E+02  1.7000E+02  6.6711E+01  0.0000E+00  1.5000E+00  5.0000E-01
 -1221   400   1   1   0   1      t/fs          n0        ni0zz=7680.1mu  
 -1.6000E+02  1.7000E+02  6.6711E+01  0.0000E+00  1.5000E+00  5.0000E-01
   522   701   1   1   0   1      r             |a|^2     emarz=7760.1mu  
  1322   400   1   1   0   1      t/fs            |a|^2   emazz=7760.1mu  
 -1372   400   1   1   0   1      t/fs          arg(a)    emphz=7760.1mu  
 -1.6000E+02  1.7000E+02  6.6711E+01 -4.0000E+00  4.0000E+00  2.0000E+00
  -222   701   1   1   0   1      r             ne        rherz=7760.1mu  
  0.0000E+00  1.0000E+02  4.0000E+01  0.0000E+00  1.5000E+00  5.0000E-01
 -1022   400   1   1   0   1      t/fs          na        natzz=7760.1mu  
 -1.6000E+02  1.7000E+02  6.6711E+01  0.0000E+00  1.5000E+00  5.0000E-01
 -1122   400   1   1   0   1      t/fs          ne        rhezz=7760.1mu  
 -1.6000E+02  1.7000E+02  6.6711E+01  0.0000E+00  1.5000E+00  5.0000E-01
 -1072   400   1   1   0   1      t/fs          ni(1+)    ni1zz=7760.1mu  
 -1.6000E+02  1.7000E+02  6.6711E+01  0.0000E+00  1.5000E+00  5.0000E-01
 -1172   400   1   1   0   1      t/fs          ni(2+)    ni2zz=7760.1mu  
 -1.6000E+02  1.7000E+02  6.6711E+01  0.0000E+00  1.5000E+00  5.0000E-01
 -1222   400   1   1   0   1      t/fs          n0        ni0zz=7760.1mu  
 -1.6000E+02  1.7000E+02  6.6711E+01  0.0000E+00  1.5000E+00  5.0000E-01
   523   701   1   1   0   1      r             |a|^2     emarz=7840.1mu  
  1323   400   1   1   0   1      t/fs            |a|^2   emazz=7840.1mu  
 -1373   400   1   1   0   1      t/fs          arg(a)    emphz=7840.1mu  
 -1.6000E+02  1.7000E+02  6.6711E+01 -4.0000E+00  4.0000E+00  2.0000E+00
  -223   701   1   1   0   1      r             ne        rherz=7840.1mu  
  0.0000E+00  1.0000E+02  4.0000E+01  0.0000E+00  1.5000E+00  5.0000E-01
 -1023   400   1   1   0   1      t/fs          na        natzz=7840.1mu  
 -1.6000E+02  1.7000E+02  6.6711E+01  0.0000E+00  1.5000E+00  5.0000E-01
 -1123   400   1   1   0   1      t/fs          ne        rhezz=7840.1mu  
 -1.6000E+02  1.7000E+02  6.6711E+01  0.0000E+00  1.5000E+00  5.0000E-01
 -1073   400   1   1   0   1      t/fs          ni(1+)    ni1zz=7840.1mu  
 -1.6000E+02  1.7000E+02  6.6711E+01  0.0000E+00  1.5000E+00  5.0000E-01
 -1173   400   1   1   0   1      t/fs          ni(2+)    ni2zz=7840.1mu  
 -1.6000E+02  1.7000E+02  6.6711E+01  0.0000E+00  1.5000E+00  5.0000E-01
 -1223   400   1   1   0   1      t/fs          n0        ni0zz=7840.1mu  
 -1.6000E+02  1.7000E+02  6.6711E+01  0.0000E+00  1.5000E+00  5.0000E-01
   524   701   1   1   0   1      r             |a|^2     emarz=7920.1mu  
  1324   400   1   1   0   1      t/fs            |a|^2   emazz=7920.1mu  
 -1374   400   1   1   0   1      t/fs          arg(a)    emphz=7920.1mu  
 -1.6000E+02  1.7000E+02  6.6711E+01 -4.0000E+00  4.0000E+00  2.0000E+00
  -224   701   1   1   0   1      r             ne        rherz=7920.1mu  
  0.0000E+00  1.0000E+02  4.0000E+01  0.0000E+00  1.5000E+00  5.0000E-01
 -1024   400   1   1   0   1      t/fs          na        natzz=7920.1mu  
 -1.6000E+02  1.7000E+02  6.6711E+01  0.0000E+00  1.5000E+00  5.0000E-01
 -1124   400   1   1   0   1      t/fs          ne        rhezz=7920.1mu  
 -1.6000E+02  1.7000E+02  6.6711E+01  0.0000E+00  1.5000E+00  5.0000E-01
 -1074   400   1   1   0   1      t/fs          ni(1+)    ni1zz=7920.1mu  
 -1.6000E+02  1.7000E+02  6.6711E+01  0.0000E+00  1.5000E+00  5.0000E-01
 -1174   400   1   1   0   1      t/fs          ni(2+)    ni2zz=7920.1mu  
 -1.6000E+02  1.7000E+02  6.6711E+01  0.0000E+00  1.5000E+00  5.0000E-01
 -1224   400   1   1   0   1      t/fs          n0        ni0zz=7920.1mu  
 -1.6000E+02  1.7000E+02  6.6711E+01  0.0000E+00  1.5000E+00  5.0000E-01
   525   701   1   1   0   1      r             |a|^2     emarz=8000.1mu  
  1325   400   1   1   0   1      t/fs            |a|^2   emazz=8000.1mu  
 -1375   400   1   1   0   1      t/fs          arg(a)    emphz=8000.1mu  
 -1.6000E+02  1.7000E+02  6.6711E+01 -4.0000E+00  4.0000E+00  2.0000E+00
  -225   701   1   1   0   1      r             ne        rherz=8000.1mu  
  0.0000E+00  1.0000E+02  4.0000E+01  0.0000E+00  1.5000E+00  5.0000E-01
 -1025   400   1   1   0   1      t/fs          na        natzz=8000.1mu  
 -1.6000E+02  1.7000E+02  6.6711E+01  0.0000E+00  1.5000E+00  5.0000E-01
 -1125   400   1   1   0   1      t/fs          ne        rhezz=8000.1mu  
 -1.6000E+02  1.7000E+02  6.6711E+01  0.0000E+00  1.5000E+00  5.0000E-01
 -1075   400   1   1   0   1      t/fs          ni(1+)    ni1zz=8000.1mu  
 -1.6000E+02  1.7000E+02  6.6711E+01  0.0000E+00  1.5000E+00  5.0000E-01
 -1175   400   1   1   0   1      t/fs          ni(2+)    ni2zz=8000.1mu  
 -1.6000E+02  1.7000E+02  6.6711E+01  0.0000E+00  1.5000E+00  5.0000E-01
 -1225   400   1   1   0   1      t/fs          n0        ni0zz=8000.1mu  
 -1.6000E+02  1.7000E+02  6.6711E+01  0.0000E+00  1.5000E+00  5.0000E-01
   526   701   1   1   0   1      r             |a|^2     emarz=8080.2mu  
  1326   400   1   1   0   1      t/fs            |a|^2   emazz=8080.2mu  
 -1376   400   1   1   0   1      t/fs          arg(a)    emphz=8080.2mu  
 -1.6000E+02  1.7000E+02  6.6711E+01 -4.0000E+00  4.0000E+00  2.0000E+00
  -226   701   1   1   0   1      r             ne        rherz=8080.2mu  
  0.0000E+00  1.0000E+02  4.0000E+01  0.0000E+00  1.5000E+00  5.0000E-01
 -1026   400   1   1   0   1      t/fs          na        natzz=8080.2mu  
 -1.6000E+02  1.7000E+02  6.6711E+01  0.0000E+00  1.5000E+00  5.0000E-01
 -1126   400   1   1   0   1      t/fs          ne        rhezz=8080.2mu  
 -1.6000E+02  1.7000E+02  6.6711E+01  0.0000E+00  1.5000E+00  5.0000E-01
 -1076   400   1   1   0   1      t/fs          ni(1+)    ni1zz=8080.2mu  
 -1.6000E+02  1.7000E+02  6.6711E+01  0.0000E+00  1.5000E+00  5.0000E-01
 -1176   400   1   1   0   1      t/fs          ni(2+)    ni2zz=8080.2mu  
 -1.6000E+02  1.7000E+02  6.6711E+01  0.0000E+00  1.5000E+00  5.0000E-01
 -1226   400   1   1   0   1      t/fs          n0        ni0zz=8080.2mu  
 -1.6000E+02  1.7000E+02  6.6711E+01  0.0000E+00  1.5000E+00  5.0000E-01
   527   701   1   1   0   1      r             |a|^2     emarz=8160.2mu  
  1327   400   1   1   0   1      t/fs            |a|^2   emazz=8160.2mu  
 -1377   400   1   1   0   1      t/fs          arg(a)    emphz=8160.2mu  
 -1.6000E+02  1.7000E+02  6.6711E+01 -4.0000E+00  4.0000E+00  2.0000E+00
  -227   701   1   1   0   1      r             ne        rherz=8160.2mu  
  0.0000E+00  1.0000E+02  4.0000E+01  0.0000E+00  1.5000E+00  5.0000E-01
 -1027   400   1   1   0   1      t/fs          na        natzz=8160.2mu  
 -1.6000E+02  1.7000E+02  6.6711E+01  0.0000E+00  1.5000E+00  5.0000E-01
 -1127   400   1   1   0   1      t/fs          ne        rhezz=8160.2mu  
 -1.6000E+02  1.7000E+02  6.6711E+01  0.0000E+00  1.5000E+00  5.0000E-01
 -1077   400   1   1   0   1      t/fs          ni(1+)    ni1zz=8160.2mu  
 -1.6000E+02  1.7000E+02  6.6711E+01  0.0000E+00  1.5000E+00  5.0000E-01
 -1177   400   1   1   0   1      t/fs          ni(2+)    ni2zz=8160.2mu  
 -1.6000E+02  1.7000E+02  6.6711E+01  0.0000E+00  1.5000E+00  5.0000E-01
 -1227   400   1   1   0   1      t/fs          n0        ni0zz=8160.2mu  
 -1.6000E+02  1.7000E+02  6.6711E+01  0.0000E+00  1.5000E+00  5.0000E-01
   528   701   1   1   0   1      r             |a|^2     emarz=8240.2mu  
  1328   400   1   1   0   1      t/fs            |a|^2   emazz=8240.2mu  
 -1378   400   1   1   0   1      t/fs          arg(a)    emphz=8240.2mu  
 -1.6000E+02  1.7000E+02  6.6711E+01 -4.0000E+00  4.0000E+00  2.0000E+00
  -228   701   1   1   0   1      r             ne        rherz=8240.2mu  
  0.0000E+00  1.0000E+02  4.0000E+01  0.0000E+00  1.5000E+00  5.0000E-01
 -1028   400   1   1   0   1      t/fs          na        natzz=8240.2mu  
 -1.6000E+02  1.7000E+02  6.6711E+01  0.0000E+00  1.5000E+00  5.0000E-01
 -1128   400   1   1   0   1      t/fs          ne        rhezz=8240.2mu  
 -1.6000E+02  1.7000E+02  6.6711E+01  0.0000E+00  1.5000E+00  5.0000E-01
 -1078   400   1   1   0   1      t/fs          ni(1+)    ni1zz=8240.2mu  
 -1.6000E+02  1.7000E+02  6.6711E+01  0.0000E+00  1.5000E+00  5.0000E-01
 -1178   400   1   1   0   1      t/fs          ni(2+)    ni2zz=8240.2mu  
 -1.6000E+02  1.7000E+02  6.6711E+01  0.0000E+00  1.5000E+00  5.0000E-01
 -1228   400   1   1   0   1      t/fs          n0        ni0zz=8240.2mu  
 -1.6000E+02  1.7000E+02  6.6711E+01  0.0000E+00  1.5000E+00  5.0000E-01
   529   701   1   1   0   1      r             |a|^2     emarz=8320.2mu  
  1329   400   1   1   0   1      t/fs            |a|^2   emazz=8320.2mu  
 -1379   400   1   1   0   1      t/fs          arg(a)    emphz=8320.2mu  
 -1.6000E+02  1.7000E+02  6.6711E+01 -4.0000E+00  4.0000E+00  2.0000E+00
  -229   701   1   1   0   1      r             ne        rherz=8320.2mu  
  0.0000E+00  1.0000E+02  4.0000E+01  0.0000E+00  1.5000E+00  5.0000E-01
 -1029   400   1   1   0   1      t/fs          na        natzz=8320.2mu  
 -1.6000E+02  1.7000E+02  6.6711E+01  0.0000E+00  1.5000E+00  5.0000E-01
 -1129   400   1   1   0   1      t/fs          ne        rhezz=8320.2mu  
 -1.6000E+02  1.7000E+02  6.6711E+01  0.0000E+00  1.5000E+00  5.0000E-01
 -1079   400   1   1   0   1      t/fs          ni(1+)    ni1zz=8320.2mu  
 -1.6000E+02  1.7000E+02  6.6711E+01  0.0000E+00  1.5000E+00  5.0000E-01
 -1179   400   1   1   0   1      t/fs          ni(2+)    ni2zz=8320.2mu  
 -1.6000E+02  1.7000E+02  6.6711E+01  0.0000E+00  1.5000E+00  5.0000E-01
 -1229   400   1   1   0   1      t/fs          n0        ni0zz=8320.2mu  
 -1.6000E+02  1.7000E+02  6.6711E+01  0.0000E+00  1.5000E+00  5.0000E-01
   530   701   1   1   0   1      r             |a|^2     emarz=8400.2mu  
  1330   400   1   1   0   1      t/fs            |a|^2   emazz=8400.2mu  
 -1380   400   1   1   0   1      t/fs          arg(a)    emphz=8400.2mu  
 -1.6000E+02  1.7000E+02  6.6711E+01 -4.0000E+00  4.0000E+00  2.0000E+00
  -230   701   1   1   0   1      r             ne        rherz=8400.2mu  
  0.0000E+00  1.0000E+02  4.0000E+01  0.0000E+00  1.5000E+00  5.0000E-01
 -1030   400   1   1   0   1      t/fs          na        natzz=8400.2mu  
 -1.6000E+02  1.7000E+02  6.6711E+01  0.0000E+00  1.5000E+00  5.0000E-01
 -1130   400   1   1   0   1      t/fs          ne        rhezz=8400.2mu  
 -1.6000E+02  1.7000E+02  6.6711E+01  0.0000E+00  1.5000E+00  5.0000E-01
 -1080   400   1   1   0   1      t/fs          ni(1+)    ni1zz=8400.2mu  
 -1.6000E+02  1.7000E+02  6.6711E+01  0.0000E+00  1.5000E+00  5.0000E-01
 -1180   400   1   1   0   1      t/fs          ni(2+)    ni2zz=8400.2mu  
 -1.6000E+02  1.7000E+02  6.6711E+01  0.0000E+00  1.5000E+00  5.0000E-01
 -1230   400   1   1   0   1      t/fs          n0        ni0zz=8400.2mu  
 -1.6000E+02  1.7000E+02  6.6711E+01  0.0000E+00  1.5000E+00  5.0000E-01
   531   701   1   1   0   1      r             |a|^2     emarz=8480.2mu  
  1331   400   1   1   0   1      t/fs            |a|^2   emazz=8480.2mu  
 -1381   400   1   1   0   1      t/fs          arg(a)    emphz=8480.2mu  
 -1.6000E+02  1.7000E+02  6.6711E+01 -4.0000E+00  4.0000E+00  2.0000E+00
  -231   701   1   1   0   1      r             ne        rherz=8480.2mu  
  0.0000E+00  1.0000E+02  4.0000E+01  0.0000E+00  1.5000E+00  5.0000E-01
 -1031   400   1   1   0   1      t/fs          na        natzz=8480.2mu  
 -1.6000E+02  1.7000E+02  6.6711E+01  0.0000E+00  1.5000E+00  5.0000E-01
 -1131   400   1   1   0   1      t/fs          ne        rhezz=8480.2mu  
 -1.6000E+02  1.7000E+02  6.6711E+01  0.0000E+00  1.5000E+00  5.0000E-01
 -1081   400   1   1   0   1      t/fs          ni(1+)    ni1zz=8480.2mu  
 -1.6000E+02  1.7000E+02  6.6711E+01  0.0000E+00  1.5000E+00  5.0000E-01
 -1181   400   1   1   0   1      t/fs          ni(2+)    ni2zz=8480.2mu  
 -1.6000E+02  1.7000E+02  6.6711E+01  0.0000E+00  1.5000E+00  5.0000E-01
 -1231   400   1   1   0   1      t/fs          n0        ni0zz=8480.2mu  
 -1.6000E+02  1.7000E+02  6.6711E+01  0.0000E+00  1.5000E+00  5.0000E-01
   532   701   1   1   0   1      r             |a|^2     emarz=8560.2mu  
  1332   400   1   1   0   1      t/fs            |a|^2   emazz=8560.2mu  
 -1382   400   1   1   0   1      t/fs          arg(a)    emphz=8560.2mu  
 -1.6000E+02  1.7000E+02  6.6711E+01 -4.0000E+00  4.0000E+00  2.0000E+00
  -232   701   1   1   0   1      r             ne        rherz=8560.2mu  
  0.0000E+00  1.0000E+02  4.0000E+01  0.0000E+00  1.5000E+00  5.0000E-01
 -1032   400   1   1   0   1      t/fs          na        natzz=8560.2mu  
 -1.6000E+02  1.7000E+02  6.6711E+01  0.0000E+00  1.5000E+00  5.0000E-01
 -1132   400   1   1   0   1      t/fs          ne        rhezz=8560.2mu  
 -1.6000E+02  1.7000E+02  6.6711E+01  0.0000E+00  1.5000E+00  5.0000E-01
 -1082   400   1   1   0   1      t/fs          ni(1+)    ni1zz=8560.2mu  
 -1.6000E+02  1.7000E+02  6.6711E+01  0.0000E+00  1.5000E+00  5.0000E-01
 -1182   400   1   1   0   1      t/fs          ni(2+)    ni2zz=8560.2mu  
 -1.6000E+02  1.7000E+02  6.6711E+01  0.0000E+00  1.5000E+00  5.0000E-01
 -1232   400   1   1   0   1      t/fs          n0        ni0zz=8560.2mu  
 -1.6000E+02  1.7000E+02  6.6711E+01  0.0000E+00  1.5000E+00  5.0000E-01
   533   701   1   1   0   1      r             |a|^2     emarz=8640.2mu  
  1333   400   1   1   0   1      t/fs            |a|^2   emazz=8640.2mu  
 -1383   400   1   1   0   1      t/fs          arg(a)    emphz=8640.2mu  
 -1.6000E+02  1.7000E+02  6.6711E+01 -4.0000E+00  4.0000E+00  2.0000E+00
  -233   701   1   1   0   1      r             ne        rherz=8640.2mu  
  0.0000E+00  1.0000E+02  4.0000E+01  0.0000E+00  1.5000E+00  5.0000E-01
 -1033   400   1   1   0   1      t/fs          na        natzz=8640.2mu  
 -1.6000E+02  1.7000E+02  6.6711E+01  0.0000E+00  1.5000E+00  5.0000E-01
 -1133   400   1   1   0   1      t/fs          ne        rhezz=8640.2mu  
 -1.6000E+02  1.7000E+02  6.6711E+01  0.0000E+00  1.5000E+00  5.0000E-01
 -1083   400   1   1   0   1      t/fs          ni(1+)    ni1zz=8640.2mu  
 -1.6000E+02  1.7000E+02  6.6711E+01  0.0000E+00  1.5000E+00  5.0000E-01
 -1183   400   1   1   0   1      t/fs          ni(2+)    ni2zz=8640.2mu  
 -1.6000E+02  1.7000E+02  6.6711E+01  0.0000E+00  1.5000E+00  5.0000E-01
 -1233   400   1   1   0   1      t/fs          n0        ni0zz=8640.2mu  
 -1.6000E+02  1.7000E+02  6.6711E+01  0.0000E+00  1.5000E+00  5.0000E-01
   534   701   1   1   0   1      r             |a|^2     emarz=8720.2mu  
  1334   400   1   1   0   1      t/fs            |a|^2   emazz=8720.2mu  
 -1384   400   1   1   0   1      t/fs          arg(a)    emphz=8720.2mu  
 -1.6000E+02  1.7000E+02  6.6711E+01 -4.0000E+00  4.0000E+00  2.0000E+00
  -234   701   1   1   0   1      r             ne        rherz=8720.2mu  
  0.0000E+00  1.0000E+02  4.0000E+01  0.0000E+00  1.5000E+00  5.0000E-01
 -1034   400   1   1   0   1      t/fs          na        natzz=8720.2mu  
 -1.6000E+02  1.7000E+02  6.6711E+01  0.0000E+00  1.5000E+00  5.0000E-01
 -1134   400   1   1   0   1      t/fs          ne        rhezz=8720.2mu  
 -1.6000E+02  1.7000E+02  6.6711E+01  0.0000E+00  1.5000E+00  5.0000E-01
 -1084   400   1   1   0   1      t/fs          ni(1+)    ni1zz=8720.2mu  
 -1.6000E+02  1.7000E+02  6.6711E+01  0.0000E+00  1.5000E+00  5.0000E-01
 -1184   400   1   1   0   1      t/fs          ni(2+)    ni2zz=8720.2mu  
 -1.6000E+02  1.7000E+02  6.6711E+01  0.0000E+00  1.5000E+00  5.0000E-01
 -1234   400   1   1   0   1      t/fs          n0        ni0zz=8720.2mu  
 -1.6000E+02  1.7000E+02  6.6711E+01  0.0000E+00  1.5000E+00  5.0000E-01
   535   701   1   1   0   1      r             |a|^2     emarz=8800.2mu  
  1335   400   1   1   0   1      t/fs            |a|^2   emazz=8800.2mu  
 -1385   400   1   1   0   1      t/fs          arg(a)    emphz=8800.2mu  
 -1.6000E+02  1.7000E+02  6.6711E+01 -4.0000E+00  4.0000E+00  2.0000E+00
  -235   701   1   1   0   1      r             ne        rherz=8800.2mu  
  0.0000E+00  1.0000E+02  4.0000E+01  0.0000E+00  1.5000E+00  5.0000E-01
 -1035   400   1   1   0   1      t/fs          na        natzz=8800.2mu  
 -1.6000E+02  1.7000E+02  6.6711E+01  0.0000E+00  1.5000E+00  5.0000E-01
 -1135   400   1   1   0   1      t/fs          ne        rhezz=8800.2mu  
 -1.6000E+02  1.7000E+02  6.6711E+01  0.0000E+00  1.5000E+00  5.0000E-01
 -1085   400   1   1   0   1      t/fs          ni(1+)    ni1zz=8800.2mu  
 -1.6000E+02  1.7000E+02  6.6711E+01  0.0000E+00  1.5000E+00  5.0000E-01
 -1185   400   1   1   0   1      t/fs          ni(2+)    ni2zz=8800.2mu  
 -1.6000E+02  1.7000E+02  6.6711E+01  0.0000E+00  1.5000E+00  5.0000E-01
 -1235   400   1   1   0   1      t/fs          n0        ni0zz=8800.2mu  
 -1.6000E+02  1.7000E+02  6.6711E+01  0.0000E+00  1.5000E+00  5.0000E-01
   536   701   1   1   0   1      r             |a|^2     emarz=8880.2mu  
  1336   400   1   1   0   1      t/fs            |a|^2   emazz=8880.2mu  
 -1386   400   1   1   0   1      t/fs          arg(a)    emphz=8880.2mu  
 -1.6000E+02  1.7000E+02  6.6711E+01 -4.0000E+00  4.0000E+00  2.0000E+00
  -236   701   1   1   0   1      r             ne        rherz=8880.2mu  
  0.0000E+00  1.0000E+02  4.0000E+01  0.0000E+00  1.5000E+00  5.0000E-01
 -1036   400   1   1   0   1      t/fs          na        natzz=8880.2mu  
 -1.6000E+02  1.7000E+02  6.6711E+01  0.0000E+00  1.5000E+00  5.0000E-01
 -1136   400   1   1   0   1      t/fs          ne        rhezz=8880.2mu  
 -1.6000E+02  1.7000E+02  6.6711E+01  0.0000E+00  1.5000E+00  5.0000E-01
 -1086   400   1   1   0   1      t/fs          ni(1+)    ni1zz=8880.2mu  
 -1.6000E+02  1.7000E+02  6.6711E+01  0.0000E+00  1.5000E+00  5.0000E-01
 -1186   400   1   1   0   1      t/fs          ni(2+)    ni2zz=8880.2mu  
 -1.6000E+02  1.7000E+02  6.6711E+01  0.0000E+00  1.5000E+00  5.0000E-01
 -1236   400   1   1   0   1      t/fs          n0        ni0zz=8880.2mu  
 -1.6000E+02  1.7000E+02  6.6711E+01  0.0000E+00  1.5000E+00  5.0000E-01
   537   701   1   1   0   1      r             |a|^2     emarz=8960.2mu  
  1337   400   1   1   0   1      t/fs            |a|^2   emazz=8960.2mu  
 -1387   400   1   1   0   1      t/fs          arg(a)    emphz=8960.2mu  
 -1.6000E+02  1.7000E+02  6.6711E+01 -4.0000E+00  4.0000E+00  2.0000E+00
  -237   701   1   1   0   1      r             ne        rherz=8960.2mu  
  0.0000E+00  1.0000E+02  4.0000E+01  0.0000E+00  1.5000E+00  5.0000E-01
 -1037   400   1   1   0   1      t/fs          na        natzz=8960.2mu  
 -1.6000E+02  1.7000E+02  6.6711E+01  0.0000E+00  1.5000E+00  5.0000E-01
 -1137   400   1   1   0   1      t/fs          ne        rhezz=8960.2mu  
 -1.6000E+02  1.7000E+02  6.6711E+01  0.0000E+00  1.5000E+00  5.0000E-01
 -1087   400   1   1   0   1      t/fs          ni(1+)    ni1zz=8960.2mu  
 -1.6000E+02  1.7000E+02  6.6711E+01  0.0000E+00  1.5000E+00  5.0000E-01
 -1187   400   1   1   0   1      t/fs          ni(2+)    ni2zz=8960.2mu  
 -1.6000E+02  1.7000E+02  6.6711E+01  0.0000E+00  1.5000E+00  5.0000E-01
 -1237   400   1   1   0   1      t/fs          n0        ni0zz=8960.2mu  
 -1.6000E+02  1.7000E+02  6.6711E+01  0.0000E+00  1.5000E+00  5.0000E-01
   538   701   1   1   0   1      r             |a|^2     emarz=9040.3mu  
  1338   400   1   1   0   1      t/fs            |a|^2   emazz=9040.3mu  
 -1388   400   1   1   0   1      t/fs          arg(a)    emphz=9040.3mu  
 -1.6000E+02  1.7000E+02  6.6711E+01 -4.0000E+00  4.0000E+00  2.0000E+00
  -238   701   1   1   0   1      r             ne        rherz=9040.3mu  
  0.0000E+00  1.0000E+02  4.0000E+01  0.0000E+00  1.5000E+00  5.0000E-01
 -1038   400   1   1   0   1      t/fs          na        natzz=9040.3mu  
 -1.6000E+02  1.7000E+02  6.6711E+01  0.0000E+00  1.5000E+00  5.0000E-01
 -1138   400   1   1   0   1      t/fs          ne        rhezz=9040.3mu  
 -1.6000E+02  1.7000E+02  6.6711E+01  0.0000E+00  1.5000E+00  5.0000E-01
 -1088   400   1   1   0   1      t/fs          ni(1+)    ni1zz=9040.3mu  
 -1.6000E+02  1.7000E+02  6.6711E+01  0.0000E+00  1.5000E+00  5.0000E-01
 -1188   400   1   1   0   1      t/fs          ni(2+)    ni2zz=9040.3mu  
 -1.6000E+02  1.7000E+02  6.6711E+01  0.0000E+00  1.5000E+00  5.0000E-01
 -1238   400   1   1   0   1      t/fs          n0        ni0zz=9040.3mu  
 -1.6000E+02  1.7000E+02  6.6711E+01  0.0000E+00  1.5000E+00  5.0000E-01
   539   701   1   1   0   1      r             |a|^2     emarz=9120.3mu  
  1339   400   1   1   0   1      t/fs            |a|^2   emazz=9120.3mu  
 -1389   400   1   1   0   1      t/fs          arg(a)    emphz=9120.3mu  
 -1.6000E+02  1.7000E+02  6.6711E+01 -4.0000E+00  4.0000E+00  2.0000E+00
  -239   701   1   1   0   1      r             ne        rherz=9120.3mu  
  0.0000E+00  1.0000E+02  4.0000E+01  0.0000E+00  1.5000E+00  5.0000E-01
 -1039   400   1   1   0   1      t/fs          na        natzz=9120.3mu  
 -1.6000E+02  1.7000E+02  6.6711E+01  0.0000E+00  1.5000E+00  5.0000E-01
 -1139   400   1   1   0   1      t/fs          ne        rhezz=9120.3mu  
 -1.6000E+02  1.7000E+02  6.6711E+01  0.0000E+00  1.5000E+00  5.0000E-01
 -1089   400   1   1   0   1      t/fs          ni(1+)    ni1zz=9120.3mu  
 -1.6000E+02  1.7000E+02  6.6711E+01  0.0000E+00  1.5000E+00  5.0000E-01
 -1189   400   1   1   0   1      t/fs          ni(2+)    ni2zz=9120.3mu  
 -1.6000E+02  1.7000E+02  6.6711E+01  0.0000E+00  1.5000E+00  5.0000E-01
 -1239   400   1   1   0   1      t/fs          n0        ni0zz=9120.3mu  
 -1.6000E+02  1.7000E+02  6.6711E+01  0.0000E+00  1.5000E+00  5.0000E-01
   540   701   1   1   0   1      r             |a|^2     emarz=9200.3mu  
  1340   400   1   1   0   1      t/fs            |a|^2   emazz=9200.3mu  
 -1390   400   1   1   0   1      t/fs          arg(a)    emphz=9200.3mu  
 -1.6000E+02  1.7000E+02  6.6711E+01 -4.0000E+00  4.0000E+00  2.0000E+00
  -240   701   1   1   0   1      r             ne        rherz=9200.3mu  
  0.0000E+00  1.0000E+02  4.0000E+01  0.0000E+00  1.5000E+00  5.0000E-01
 -1040   400   1   1   0   1      t/fs          na        natzz=9200.3mu  
 -1.6000E+02  1.7000E+02  6.6711E+01  0.0000E+00  1.5000E+00  5.0000E-01
 -1140   400   1   1   0   1      t/fs          ne        rhezz=9200.3mu  
 -1.6000E+02  1.7000E+02  6.6711E+01  0.0000E+00  1.5000E+00  5.0000E-01
 -1090   400   1   1   0   1      t/fs          ni(1+)    ni1zz=9200.3mu  
 -1.6000E+02  1.7000E+02  6.6711E+01  0.0000E+00  1.5000E+00  5.0000E-01
 -1190   400   1   1   0   1      t/fs          ni(2+)    ni2zz=9200.3mu  
 -1.6000E+02  1.7000E+02  6.6711E+01  0.0000E+00  1.5000E+00  5.0000E-01
 -1240   400   1   1   0   1      t/fs          n0        ni0zz=9200.3mu  
 -1.6000E+02  1.7000E+02  6.6711E+01  0.0000E+00  1.5000E+00  5.0000E-01
   541   701   1   1   0   1      r             |a|^2     emarz=9280.3mu  
  1341   400   1   1   0   1      t/fs            |a|^2   emazz=9280.3mu  
 -1391   400   1   1   0   1      t/fs          arg(a)    emphz=9280.3mu  
 -1.6000E+02  1.7000E+02  6.6711E+01 -4.0000E+00  4.0000E+00  2.0000E+00
  -241   701   1   1   0   1      r             ne        rherz=9280.3mu  
  0.0000E+00  1.0000E+02  4.0000E+01  0.0000E+00  1.5000E+00  5.0000E-01
 -1041   400   1   1   0   1      t/fs          na        natzz=9280.3mu  
 -1.6000E+02  1.7000E+02  6.6711E+01  0.0000E+00  1.5000E+00  5.0000E-01
 -1141   400   1   1   0   1      t/fs          ne        rhezz=9280.3mu  
 -1.6000E+02  1.7000E+02  6.6711E+01  0.0000E+00  1.5000E+00  5.0000E-01
 -1091   400   1   1   0   1      t/fs          ni(1+)    ni1zz=9280.3mu  
 -1.6000E+02  1.7000E+02  6.6711E+01  0.0000E+00  1.5000E+00  5.0000E-01
 -1191   400   1   1   0   1      t/fs          ni(2+)    ni2zz=9280.3mu  
 -1.6000E+02  1.7000E+02  6.6711E+01  0.0000E+00  1.5000E+00  5.0000E-01
 -1241   400   1   1   0   1      t/fs          n0        ni0zz=9280.3mu  
 -1.6000E+02  1.7000E+02  6.6711E+01  0.0000E+00  1.5000E+00  5.0000E-01
   542   701   1   1   0   1      r             |a|^2     emarz=9360.3mu  
  1342   400   1   1   0   1      t/fs            |a|^2   emazz=9360.3mu  
 -1392   400   1   1   0   1      t/fs          arg(a)    emphz=9360.3mu  
 -1.6000E+02  1.7000E+02  6.6711E+01 -4.0000E+00  4.0000E+00  2.0000E+00
  -242   701   1   1   0   1      r             ne        rherz=9360.3mu  
  0.0000E+00  1.0000E+02  4.0000E+01  0.0000E+00  1.5000E+00  5.0000E-01
 -1042   400   1   1   0   1      t/fs          na        natzz=9360.3mu  
 -1.6000E+02  1.7000E+02  6.6711E+01  0.0000E+00  1.5000E+00  5.0000E-01
 -1142   400   1   1   0   1      t/fs          ne        rhezz=9360.3mu  
 -1.6000E+02  1.7000E+02  6.6711E+01  0.0000E+00  1.5000E+00  5.0000E-01
 -1092   400   1   1   0   1      t/fs          ni(1+)    ni1zz=9360.3mu  
 -1.6000E+02  1.7000E+02  6.6711E+01  0.0000E+00  1.5000E+00  5.0000E-01
 -1192   400   1   1   0   1      t/fs          ni(2+)    ni2zz=9360.3mu  
 -1.6000E+02  1.7000E+02  6.6711E+01  0.0000E+00  1.5000E+00  5.0000E-01
 -1242   400   1   1   0   1      t/fs          n0        ni0zz=9360.3mu  
 -1.6000E+02  1.7000E+02  6.6711E+01  0.0000E+00  1.5000E+00  5.0000E-01
   543   701   1   1   0   1      r             |a|^2     emarz=9440.3mu  
  1343   400   1   1   0   1      t/fs            |a|^2   emazz=9440.3mu  
 -1393   400   1   1   0   1      t/fs          arg(a)    emphz=9440.3mu  
 -1.6000E+02  1.7000E+02  6.6711E+01 -4.0000E+00  4.0000E+00  2.0000E+00
  -243   701   1   1   0   1      r             ne        rherz=9440.3mu  
  0.0000E+00  1.0000E+02  4.0000E+01  0.0000E+00  1.5000E+00  5.0000E-01
 -1043   400   1   1   0   1      t/fs          na        natzz=9440.3mu  
 -1.6000E+02  1.7000E+02  6.6711E+01  0.0000E+00  1.5000E+00  5.0000E-01
 -1143   400   1   1   0   1      t/fs          ne        rhezz=9440.3mu  
 -1.6000E+02  1.7000E+02  6.6711E+01  0.0000E+00  1.5000E+00  5.0000E-01
 -1093   400   1   1   0   1      t/fs          ni(1+)    ni1zz=9440.3mu  
 -1.6000E+02  1.7000E+02  6.6711E+01  0.0000E+00  1.5000E+00  5.0000E-01
 -1193   400   1   1   0   1      t/fs          ni(2+)    ni2zz=9440.3mu  
 -1.6000E+02  1.7000E+02  6.6711E+01  0.0000E+00  1.5000E+00  5.0000E-01
 -1243   400   1   1   0   1      t/fs          n0        ni0zz=9440.3mu  
 -1.6000E+02  1.7000E+02  6.6711E+01  0.0000E+00  1.5000E+00  5.0000E-01
   544   701   1   1   0   1      r             |a|^2     emarz=9520.3mu  
  1344   400   1   1   0   1      t/fs            |a|^2   emazz=9520.3mu  
 -1394   400   1   1   0   1      t/fs          arg(a)    emphz=9520.3mu  
 -1.6000E+02  1.7000E+02  6.6711E+01 -4.0000E+00  4.0000E+00  2.0000E+00
  -244   701   1   1   0   1      r             ne        rherz=9520.3mu  
  0.0000E+00  1.0000E+02  4.0000E+01  0.0000E+00  1.5000E+00  5.0000E-01
 -1044   400   1   1   0   1      t/fs          na        natzz=9520.3mu  
 -1.6000E+02  1.7000E+02  6.6711E+01  0.0000E+00  1.5000E+00  5.0000E-01
 -1144   400   1   1   0   1      t/fs          ne        rhezz=9520.3mu  
 -1.6000E+02  1.7000E+02  6.6711E+01  0.0000E+00  1.5000E+00  5.0000E-01
 -1094   400   1   1   0   1      t/fs          ni(1+)    ni1zz=9520.3mu  
 -1.6000E+02  1.7000E+02  6.6711E+01  0.0000E+00  1.5000E+00  5.0000E-01
 -1194   400   1   1   0   1      t/fs          ni(2+)    ni2zz=9520.3mu  
 -1.6000E+02  1.7000E+02  6.6711E+01  0.0000E+00  1.5000E+00  5.0000E-01
 -1244   400   1   1   0   1      t/fs          n0        ni0zz=9520.3mu  
 -1.6000E+02  1.7000E+02  6.6711E+01  0.0000E+00  1.5000E+00  5.0000E-01
   545   701   1   1   0   1      r             |a|^2     emarz=9600.3mu  
  1345   400   1   1   0   1      t/fs            |a|^2   emazz=9600.3mu  
 -1395   400   1   1   0   1      t/fs          arg(a)    emphz=9600.3mu  
 -1.6000E+02  1.7000E+02  6.6711E+01 -4.0000E+00  4.0000E+00  2.0000E+00
  -245   701   1   1   0   1      r             ne        rherz=9600.3mu  
  0.0000E+00  1.0000E+02  4.0000E+01  0.0000E+00  1.5000E+00  5.0000E-01
 -1045   400   1   1   0   1      t/fs          na        natzz=9600.3mu  
 -1.6000E+02  1.7000E+02  6.6711E+01  0.0000E+00  1.5000E+00  5.0000E-01
 -1145   400   1   1   0   1      t/fs          ne        rhezz=9600.3mu  
 -1.6000E+02  1.7000E+02  6.6711E+01  0.0000E+00  1.5000E+00  5.0000E-01
 -1095   400   1   1   0   1      t/fs          ni(1+)    ni1zz=9600.3mu  
 -1.6000E+02  1.7000E+02  6.6711E+01  0.0000E+00  1.5000E+00  5.0000E-01
 -1195   400   1   1   0   1      t/fs          ni(2+)    ni2zz=9600.3mu  
 -1.6000E+02  1.7000E+02  6.6711E+01  0.0000E+00  1.5000E+00  5.0000E-01
 -1245   400   1   1   0   1      t/fs          n0        ni0zz=9600.3mu  
 -1.6000E+02  1.7000E+02  6.6711E+01  0.0000E+00  1.5000E+00  5.0000E-01
   546   701   1   1   0   1      r             |a|^2     emarz=9680.3mu  
  1346   400   1   1   0   1      t/fs            |a|^2   emazz=9680.3mu  
 -1396   400   1   1   0   1      t/fs          arg(a)    emphz=9680.3mu  
 -1.6000E+02  1.7000E+02  6.6711E+01 -4.0000E+00  4.0000E+00  2.0000E+00
  -246   701   1   1   0   1      r             ne        rherz=9680.3mu  
  0.0000E+00  1.0000E+02  4.0000E+01  0.0000E+00  1.5000E+00  5.0000E-01
 -1046   400   1   1   0   1      t/fs          na        natzz=9680.3mu  
 -1.6000E+02  1.7000E+02  6.6711E+01  0.0000E+00  1.5000E+00  5.0000E-01
 -1146   400   1   1   0   1      t/fs          ne        rhezz=9680.3mu  
 -1.6000E+02  1.7000E+02  6.6711E+01  0.0000E+00  1.5000E+00  5.0000E-01
 -1096   400   1   1   0   1      t/fs          ni(1+)    ni1zz=9680.3mu  
 -1.6000E+02  1.7000E+02  6.6711E+01  0.0000E+00  1.5000E+00  5.0000E-01
 -1196   400   1   1   0   1      t/fs          ni(2+)    ni2zz=9680.3mu  
 -1.6000E+02  1.7000E+02  6.6711E+01  0.0000E+00  1.5000E+00  5.0000E-01
 -1246   400   1   1   0   1      t/fs          n0        ni0zz=9680.3mu  
 -1.6000E+02  1.7000E+02  6.6711E+01  0.0000E+00  1.5000E+00  5.0000E-01
   547   701   1   1   0   1      r             |a|^2     emarz=9760.3mu  
  1347   400   1   1   0   1      t/fs            |a|^2   emazz=9760.3mu  
 -1397   400   1   1   0   1      t/fs          arg(a)    emphz=9760.3mu  
 -1.6000E+02  1.7000E+02  6.6711E+01 -4.0000E+00  4.0000E+00  2.0000E+00
  -247   701   1   1   0   1      r             ne        rherz=9760.3mu  
  0.0000E+00  1.0000E+02  4.0000E+01  0.0000E+00  1.5000E+00  5.0000E-01
 -1047   400   1   1   0   1      t/fs          na        natzz=9760.3mu  
 -1.6000E+02  1.7000E+02  6.6711E+01  0.0000E+00  1.5000E+00  5.0000E-01
 -1147   400   1   1   0   1      t/fs          ne        rhezz=9760.3mu  
 -1.6000E+02  1.7000E+02  6.6711E+01  0.0000E+00  1.5000E+00  5.0000E-01
 -1097   400   1   1   0   1      t/fs          ni(1+)    ni1zz=9760.3mu  
 -1.6000E+02  1.7000E+02  6.6711E+01  0.0000E+00  1.5000E+00  5.0000E-01
 -1197   400   1   1   0   1      t/fs          ni(2+)    ni2zz=9760.3mu  
 -1.6000E+02  1.7000E+02  6.6711E+01  0.0000E+00  1.5000E+00  5.0000E-01
 -1247   400   1   1   0   1      t/fs          n0        ni0zz=9760.3mu  
 -1.6000E+02  1.7000E+02  6.6711E+01  0.0000E+00  1.5000E+00  5.0000E-01
   548   701   1   1   0   1      r             |a|^2     emarz=9840.3mu  
  1348   400   1   1   0   1      t/fs            |a|^2   emazz=9840.3mu  
 -1398   400   1   1   0   1      t/fs          arg(a)    emphz=9840.3mu  
 -1.6000E+02  1.7000E+02  6.6711E+01 -4.0000E+00  4.0000E+00  2.0000E+00
  -248   701   1   1   0   1      r             ne        rherz=9840.3mu  
  0.0000E+00  1.0000E+02  4.0000E+01  0.0000E+00  1.5000E+00  5.0000E-01
 -1048   400   1   1   0   1      t/fs          na        natzz=9840.3mu  
 -1.6000E+02  1.7000E+02  6.6711E+01  0.0000E+00  1.5000E+00  5.0000E-01
 -1148   400   1   1   0   1      t/fs          ne        rhezz=9840.3mu  
 -1.6000E+02  1.7000E+02  6.6711E+01  0.0000E+00  1.5000E+00  5.0000E-01
 -1098   400   1   1   0   1      t/fs          ni(1+)    ni1zz=9840.3mu  
 -1.6000E+02  1.7000E+02  6.6711E+01  0.0000E+00  1.5000E+00  5.0000E-01
 -1198   400   1   1   0   1      t/fs          ni(2+)    ni2zz=9840.3mu  
 -1.6000E+02  1.7000E+02  6.6711E+01  0.0000E+00  1.5000E+00  5.0000E-01
 -1248   400   1   1   0   1      t/fs          n0        ni0zz=9840.3mu  
 -1.6000E+02  1.7000E+02  6.6711E+01  0.0000E+00  1.5000E+00  5.0000E-01
   549   701   1   1   0   1      r             |a|^2     emarz=9920.3mu  
  1349   400   1   1   0   1      t/fs            |a|^2   emazz=9920.3mu  
 -1399   400   1   1   0   1      t/fs          arg(a)    emphz=9920.3mu  
 -1.6000E+02  1.7000E+02  6.6711E+01 -4.0000E+00  4.0000E+00  2.0000E+00
  -249   701   1   1   0   1      r             ne        rherz=9920.3mu  
  0.0000E+00  1.0000E+02  4.0000E+01  0.0000E+00  1.5000E+00  5.0000E-01
 -1049   400   1   1   0   1      t/fs          na        natzz=9920.3mu  
 -1.6000E+02  1.7000E+02  6.6711E+01  0.0000E+00  1.5000E+00  5.0000E-01
 -1149   400   1   1   0   1      t/fs          ne        rhezz=9920.3mu  
 -1.6000E+02  1.7000E+02  6.6711E+01  0.0000E+00  1.5000E+00  5.0000E-01
 -1099   400   1   1   0   1      t/fs          ni(1+)    ni1zz=9920.3mu  
 -1.6000E+02  1.7000E+02  6.6711E+01  0.0000E+00  1.5000E+00  5.0000E-01
 -1199   400   1   1   0   1      t/fs          ni(2+)    ni2zz=9920.3mu  
 -1.6000E+02  1.7000E+02  6.6711E+01  0.0000E+00  1.5000E+00  5.0000E-01
 -1249   400   1   1   0   1      t/fs          n0        ni0zz=9920.3mu  
 -1.6000E+02  1.7000E+02  6.6711E+01  0.0000E+00  1.5000E+00  5.0000E-01
   550   701   1   1   0   1      r             |a|^2     emarz=10000.4mu 
  1350   400   1   1   0   1      t/fs            |a|^2   emazz=10000.4mu 
 -1400   400   1   1   0   1      t/fs          arg(a)    emphz=10000.4mu 
 -1.6000E+02  1.7000E+02  6.6711E+01 -4.0000E+00  4.0000E+00  2.0000E+00
  -250   701   1   1   0   1      r             ne        rherz=10000.4mu 
  0.0000E+00  1.0000E+02  4.0000E+01  0.0000E+00  1.5000E+00  5.0000E-01
 -1050   400   1   1   0   1      t/fs          na        natzz=10000.4mu 
 -1.6000E+02  1.7000E+02  6.6711E+01  0.0000E+00  1.5000E+00  5.0000E-01
 -1150   400   1   1   0   1      t/fs          ne        rhezz=10000.4mu 
 -1.6000E+02  1.7000E+02  6.6711E+01  0.0000E+00  1.5000E+00  5.0000E-01
 -1100   400   1   1   0   1      t/fs          ni(1+)    ni1zz=10000.4mu 
 -1.6000E+02  1.7000E+02  6.6711E+01  0.0000E+00  1.5000E+00  5.0000E-01
 -1200   400   1   1   0   1      t/fs          ni(2+)    ni2zz=10000.4mu 
 -1.6000E+02  1.7000E+02  6.6711E+01  0.0000E+00  1.5000E+00  5.0000E-01
 -1250   400   1   1   0   1      t/fs          n0        ni0zz=10000.4mu 
 -1.6000E+02  1.7000E+02  6.6711E+01  0.0000E+00  1.5000E+00  5.0000E-01
   551   701   1   1   0   1      r             |a|^2     emarz=10080.4mu 
  1351   400   1   1   0   1      t/fs            |a|^2   emazz=10080.4mu 
 -1401   400   1   1   0   1      t/fs          arg(a)    emphz=10080.4mu 
 -1.6000E+02  1.7000E+02  6.6711E+01 -4.0000E+00  4.0000E+00  2.0000E+00
  -251   701   1   1   0   1      r             ne        rherz=10080.4mu 
  0.0000E+00  1.0000E+02  4.0000E+01  0.0000E+00  1.5000E+00  5.0000E-01
 -1051   400   1   1   0   1      t/fs          na        natzz=10080.4mu 
 -1.6000E+02  1.7000E+02  6.6711E+01  0.0000E+00  1.5000E+00  5.0000E-01
 -1151   400   1   1   0   1      t/fs          ne        rhezz=10080.4mu 
 -1.6000E+02  1.7000E+02  6.6711E+01  0.0000E+00  1.5000E+00  5.0000E-01
 -1101   400   1   1   0   1      t/fs          ni(1+)    ni1zz=10080.4mu 
 -1.6000E+02  1.7000E+02  6.6711E+01  0.0000E+00  1.5000E+00  5.0000E-01
 -1201   400   1   1   0   1      t/fs          ni(2+)    ni2zz=10080.4mu 
 -1.6000E+02  1.7000E+02  6.6711E+01  0.0000E+00  1.5000E+00  5.0000E-01
 -1251   400   1   1   0   1      t/fs          n0        ni0zz=10080.4mu 
 -1.6000E+02  1.7000E+02  6.6711E+01  0.0000E+00  1.5000E+00  5.0000E-01
   552   701   1   1   0   1      r             |a|^2     emarz=10160.4mu 
  1352   400   1   1   0   1      t/fs            |a|^2   emazz=10160.4mu 
 -1402   400   1   1   0   1      t/fs          arg(a)    emphz=10160.4mu 
 -1.6000E+02  1.7000E+02  6.6711E+01 -4.0000E+00  4.0000E+00  2.0000E+00
  -252   701   1   1   0   1      r             ne        rherz=10160.4mu 
  0.0000E+00  1.0000E+02  4.0000E+01  0.0000E+00  1.5000E+00  5.0000E-01
 -1052   400   1   1   0   1      t/fs          na        natzz=10160.4mu 
 -1.6000E+02  1.7000E+02  6.6711E+01  0.0000E+00  1.5000E+00  5.0000E-01
 -1152   400   1   1   0   1      t/fs          ne        rhezz=10160.4mu 
 -1.6000E+02  1.7000E+02  6.6711E+01  0.0000E+00  1.5000E+00  5.0000E-01
 -1102   400   1   1   0   1      t/fs          ni(1+)    ni1zz=10160.4mu 
 -1.6000E+02  1.7000E+02  6.6711E+01  0.0000E+00  1.5000E+00  5.0000E-01
 -1202   400   1   1   0   1      t/fs          ni(2+)    ni2zz=10160.4mu 
 -1.6000E+02  1.7000E+02  6.6711E+01  0.0000E+00  1.5000E+00  5.0000E-01
 -1252   400   1   1   0   1      t/fs          n0        ni0zz=10160.4mu 
 -1.6000E+02  1.7000E+02  6.6711E+01  0.0000E+00  1.5000E+00  5.0000E-01
   553   701   1   1   0   1      r             |a|^2     emarz=10240.4mu 
  1353   400   1   1   0   1      t/fs            |a|^2   emazz=10240.4mu 
 -1403   400   1   1   0   1      t/fs          arg(a)    emphz=10240.4mu 
 -1.6000E+02  1.7000E+02  6.6711E+01 -4.0000E+00  4.0000E+00  2.0000E+00
  -253   701   1   1   0   1      r             ne        rherz=10240.4mu 
  0.0000E+00  1.0000E+02  4.0000E+01  0.0000E+00  1.5000E+00  5.0000E-01
 -1053   400   1   1   0   1      t/fs          na        natzz=10240.4mu 
 -1.6000E+02  1.7000E+02  6.6711E+01  0.0000E+00  1.5000E+00  5.0000E-01
 -1153   400   1   1   0   1      t/fs          ne        rhezz=10240.4mu 
 -1.6000E+02  1.7000E+02  6.6711E+01  0.0000E+00  1.5000E+00  5.0000E-01
 -1103   400   1   1   0   1      t/fs          ni(1+)    ni1zz=10240.4mu 
 -1.6000E+02  1.7000E+02  6.6711E+01  0.0000E+00  1.5000E+00  5.0000E-01
 -1203   400   1   1   0   1      t/fs          ni(2+)    ni2zz=10240.4mu 
 -1.6000E+02  1.7000E+02  6.6711E+01  0.0000E+00  1.5000E+00  5.0000E-01
 -1253   400   1   1   0   1      t/fs          n0        ni0zz=10240.4mu 
 -1.6000E+02  1.7000E+02  6.6711E+01  0.0000E+00  1.5000E+00  5.0000E-01
   554   701   1   1   0   1      r             |a|^2     emarz=10320.3mu 
  1354   400   1   1   0   1      t/fs            |a|^2   emazz=10320.3mu 
 -1404   400   1   1   0   1      t/fs          arg(a)    emphz=10320.3mu 
 -1.6000E+02  1.7000E+02  6.6711E+01 -4.0000E+00  4.0000E+00  2.0000E+00
  -254   701   1   1   0   1      r             ne        rherz=10320.3mu 
  0.0000E+00  1.0000E+02  4.0000E+01  0.0000E+00  1.5000E+00  5.0000E-01
 -1054   400   1   1   0   1      t/fs          na        natzz=10320.3mu 
 -1.6000E+02  1.7000E+02  6.6711E+01  0.0000E+00  1.5000E+00  5.0000E-01
 -1154   400   1   1   0   1      t/fs          ne        rhezz=10320.3mu 
 -1.6000E+02  1.7000E+02  6.6711E+01  0.0000E+00  1.5000E+00  5.0000E-01
 -1104   400   1   1   0   1      t/fs          ni(1+)    ni1zz=10320.3mu 
 -1.6000E+02  1.7000E+02  6.6711E+01  0.0000E+00  1.5000E+00  5.0000E-01
 -1204   400   1   1   0   1      t/fs          ni(2+)    ni2zz=10320.3mu 
 -1.6000E+02  1.7000E+02  6.6711E+01  0.0000E+00  1.5000E+00  5.0000E-01
 -1254   400   1   1   0   1      t/fs          n0        ni0zz=10320.3mu 
 -1.6000E+02  1.7000E+02  6.6711E+01  0.0000E+00  1.5000E+00  5.0000E-01
   555   701   1   1   0   1      r             |a|^2     emarz=10400.2mu 
  1355   400   1   1   0   1      t/fs            |a|^2   emazz=10400.2mu 
 -1405   400   1   1   0   1      t/fs          arg(a)    emphz=10400.2mu 
 -1.6000E+02  1.7000E+02  6.6711E+01 -4.0000E+00  4.0000E+00  2.0000E+00
  -255   701   1   1   0   1      r             ne        rherz=10400.2mu 
  0.0000E+00  1.0000E+02  4.0000E+01  0.0000E+00  1.5000E+00  5.0000E-01
 -1055   400   1   1   0   1      t/fs          na        natzz=10400.2mu 
 -1.6000E+02  1.7000E+02  6.6711E+01  0.0000E+00  1.5000E+00  5.0000E-01
 -1155   400   1   1   0   1      t/fs          ne        rhezz=10400.2mu 
 -1.6000E+02  1.7000E+02  6.6711E+01  0.0000E+00  1.5000E+00  5.0000E-01
 -1105   400   1   1   0   1      t/fs          ni(1+)    ni1zz=10400.2mu 
 -1.6000E+02  1.7000E+02  6.6711E+01  0.0000E+00  1.5000E+00  5.0000E-01
 -1205   400   1   1   0   1      t/fs          ni(2+)    ni2zz=10400.2mu 
 -1.6000E+02  1.7000E+02  6.6711E+01  0.0000E+00  1.5000E+00  5.0000E-01
 -1255   400   1   1   0   1      t/fs          n0        ni0zz=10400.2mu 
 -1.6000E+02  1.7000E+02  6.6711E+01  0.0000E+00  1.5000E+00  5.0000E-01
   556   701   1   1   0   1      r             |a|^2     emarz=10480.1mu 
  1356   400   1   1   0   1      t/fs            |a|^2   emazz=10480.1mu 
 -1406   400   1   1   0   1      t/fs          arg(a)    emphz=10480.1mu 
 -1.6000E+02  1.7000E+02  6.6711E+01 -4.0000E+00  4.0000E+00  2.0000E+00
  -256   701   1   1   0   1      r             ne        rherz=10480.1mu 
  0.0000E+00  1.0000E+02  4.0000E+01  0.0000E+00  1.5000E+00  5.0000E-01
 -1056   400   1   1   0   1      t/fs          na        natzz=10480.1mu 
 -1.6000E+02  1.7000E+02  6.6711E+01  0.0000E+00  1.5000E+00  5.0000E-01
 -1156   400   1   1   0   1      t/fs          ne        rhezz=10480.1mu 
 -1.6000E+02  1.7000E+02  6.6711E+01  0.0000E+00  1.5000E+00  5.0000E-01
 -1106   400   1   1   0   1      t/fs          ni(1+)    ni1zz=10480.1mu 
 -1.6000E+02  1.7000E+02  6.6711E+01  0.0000E+00  1.5000E+00  5.0000E-01
 -1206   400   1   1   0   1      t/fs          ni(2+)    ni2zz=10480.1mu 
 -1.6000E+02  1.7000E+02  6.6711E+01  0.0000E+00  1.5000E+00  5.0000E-01
 -1256   400   1   1   0   1      t/fs          n0        ni0zz=10480.1mu 
 -1.6000E+02  1.7000E+02  6.6711E+01  0.0000E+00  1.5000E+00  5.0000E-01
   557   701   1   1   0   1      r             |a|^2     emarz=10560.1mu 
  1357   400   1   1   0   1      t/fs            |a|^2   emazz=10560.1mu 
 -1407   400   1   1   0   1      t/fs          arg(a)    emphz=10560.1mu 
 -1.6000E+02  1.7000E+02  6.6711E+01 -4.0000E+00  4.0000E+00  2.0000E+00
  -257   701   1   1   0   1      r             ne        rherz=10560.1mu 
  0.0000E+00  1.0000E+02  4.0000E+01  0.0000E+00  1.5000E+00  5.0000E-01
 -1057   400   1   1   0   1      t/fs          na        natzz=10560.1mu 
 -1.6000E+02  1.7000E+02  6.6711E+01  0.0000E+00  1.5000E+00  5.0000E-01
 -1157   400   1   1   0   1      t/fs          ne        rhezz=10560.1mu 
 -1.6000E+02  1.7000E+02  6.6711E+01  0.0000E+00  1.5000E+00  5.0000E-01
 -1107   400   1   1   0   1      t/fs          ni(1+)    ni1zz=10560.1mu 
 -1.6000E+02  1.7000E+02  6.6711E+01  0.0000E+00  1.5000E+00  5.0000E-01
 -1207   400   1   1   0   1      t/fs          ni(2+)    ni2zz=10560.1mu 
 -1.6000E+02  1.7000E+02  6.6711E+01  0.0000E+00  1.5000E+00  5.0000E-01
 -1257   400   1   1   0   1      t/fs          n0        ni0zz=10560.1mu 
 -1.6000E+02  1.7000E+02  6.6711E+01  0.0000E+00  1.5000E+00  5.0000E-01
   558   701   1   1   0   1      r             |a|^2     emarz=10640.0mu 
  1358   400   1   1   0   1      t/fs            |a|^2   emazz=10640.0mu 
 -1408   400   1   1   0   1      t/fs          arg(a)    emphz=10640.0mu 
 -1.6000E+02  1.7000E+02  6.6711E+01 -4.0000E+00  4.0000E+00  2.0000E+00
  -258   701   1   1   0   1      r             ne        rherz=10640.0mu 
  0.0000E+00  1.0000E+02  4.0000E+01  0.0000E+00  1.5000E+00  5.0000E-01
 -1058   400   1   1   0   1      t/fs          na        natzz=10640.0mu 
 -1.6000E+02  1.7000E+02  6.6711E+01  0.0000E+00  1.5000E+00  5.0000E-01
 -1158   400   1   1   0   1      t/fs          ne        rhezz=10640.0mu 
 -1.6000E+02  1.7000E+02  6.6711E+01  0.0000E+00  1.5000E+00  5.0000E-01
 -1108   400   1   1   0   1      t/fs          ni(1+)    ni1zz=10640.0mu 
 -1.6000E+02  1.7000E+02  6.6711E+01  0.0000E+00  1.5000E+00  5.0000E-01
 -1208   400   1   1   0   1      t/fs          ni(2+)    ni2zz=10640.0mu 
 -1.6000E+02  1.7000E+02  6.6711E+01  0.0000E+00  1.5000E+00  5.0000E-01
 -1258   400   1   1   0   1      t/fs          n0        ni0zz=10640.0mu 
 -1.6000E+02  1.7000E+02  6.6711E+01  0.0000E+00  1.5000E+00  5.0000E-01
   559   701   1   1   0   1      r             |a|^2     emarz=10719.9mu 
  1359   400   1   1   0   1      t/fs            |a|^2   emazz=10719.9mu 
 -1409   400   1   1   0   1      t/fs          arg(a)    emphz=10719.9mu 
 -1.6000E+02  1.7000E+02  6.6711E+01 -4.0000E+00  4.0000E+00  2.0000E+00
  -259   701   1   1   0   1      r             ne        rherz=10719.9mu 
  0.0000E+00  1.0000E+02  4.0000E+01  0.0000E+00  1.5000E+00  5.0000E-01
 -1059   400   1   1   0   1      t/fs          na        natzz=10719.9mu 
 -1.6000E+02  1.7000E+02  6.6711E+01  0.0000E+00  1.5000E+00  5.0000E-01
 -1159   400   1   1   0   1      t/fs          ne        rhezz=10719.9mu 
 -1.6000E+02  1.7000E+02  6.6711E+01  0.0000E+00  1.5000E+00  5.0000E-01
 -1109   400   1   1   0   1      t/fs          ni(1+)    ni1zz=10719.9mu 
 -1.6000E+02  1.7000E+02  6.6711E+01  0.0000E+00  1.5000E+00  5.0000E-01
 -1209   400   1   1   0   1      t/fs          ni(2+)    ni2zz=10719.9mu 
 -1.6000E+02  1.7000E+02  6.6711E+01  0.0000E+00  1.5000E+00  5.0000E-01
 -1259   400   1   1   0   1      t/fs          n0        ni0zz=10719.9mu 
 -1.6000E+02  1.7000E+02  6.6711E+01  0.0000E+00  1.5000E+00  5.0000E-01
   560   701   1   1   0   1      r             |a|^2     emarz=10799.9mu 
  1360   400   1   1   0   1      t/fs            |a|^2   emazz=10799.9mu 
 -1410   400   1   1   0   1      t/fs          arg(a)    emphz=10799.9mu 
 -1.6000E+02  1.7000E+02  6.6711E+01 -4.0000E+00  4.0000E+00  2.0000E+00
  -260   701   1   1   0   1      r             ne        rherz=10799.9mu 
  0.0000E+00  1.0000E+02  4.0000E+01  0.0000E+00  1.5000E+00  5.0000E-01
 -1060   400   1   1   0   1      t/fs          na        natzz=10799.9mu 
 -1.6000E+02  1.7000E+02  6.6711E+01  0.0000E+00  1.5000E+00  5.0000E-01
 -1160   400   1   1   0   1      t/fs          ne        rhezz=10799.9mu 
 -1.6000E+02  1.7000E+02  6.6711E+01  0.0000E+00  1.5000E+00  5.0000E-01
 -1110   400   1   1   0   1      t/fs          ni(1+)    ni1zz=10799.9mu 
 -1.6000E+02  1.7000E+02  6.6711E+01  0.0000E+00  1.5000E+00  5.0000E-01
 -1210   400   1   1   0   1      t/fs          ni(2+)    ni2zz=10799.9mu 
 -1.6000E+02  1.7000E+02  6.6711E+01  0.0000E+00  1.5000E+00  5.0000E-01
 -1260   400   1   1   0   1      t/fs          n0        ni0zz=10799.9mu 
 -1.6000E+02  1.7000E+02  6.6711E+01  0.0000E+00  1.5000E+00  5.0000E-01
   561   701   1   1   0   1      r             |a|^2     emarz=10879.8mu 
  1361   400   1   1   0   1      t/fs            |a|^2   emazz=10879.8mu 
 -1411   400   1   1   0   1      t/fs          arg(a)    emphz=10879.8mu 
 -1.6000E+02  1.7000E+02  6.6711E+01 -4.0000E+00  4.0000E+00  2.0000E+00
  -261   701   1   1   0   1      r             ne        rherz=10879.8mu 
  0.0000E+00  1.0000E+02  4.0000E+01  0.0000E+00  1.5000E+00  5.0000E-01
 -1061   400   1   1   0   1      t/fs          na        natzz=10879.8mu 
 -1.6000E+02  1.7000E+02  6.6711E+01  0.0000E+00  1.5000E+00  5.0000E-01
 -1161   400   1   1   0   1      t/fs          ne        rhezz=10879.8mu 
 -1.6000E+02  1.7000E+02  6.6711E+01  0.0000E+00  1.5000E+00  5.0000E-01
 -1111   400   1   1   0   1      t/fs          ni(1+)    ni1zz=10879.8mu 
 -1.6000E+02  1.7000E+02  6.6711E+01  0.0000E+00  1.5000E+00  5.0000E-01
 -1211   400   1   1   0   1      t/fs          ni(2+)    ni2zz=10879.8mu 
 -1.6000E+02  1.7000E+02  6.6711E+01  0.0000E+00  1.5000E+00  5.0000E-01
 -1261   400   1   1   0   1      t/fs          n0        ni0zz=10879.8mu 
 -1.6000E+02  1.7000E+02  6.6711E+01  0.0000E+00  1.5000E+00  5.0000E-01
   562   701   1   1   0   1      r             |a|^2     emarz=10959.7mu 
  1362   400   1   1   0   1      t/fs            |a|^2   emazz=10959.7mu 
 -1412   400   1   1   0   1      t/fs          arg(a)    emphz=10959.7mu 
 -1.6000E+02  1.7000E+02  6.6711E+01 -4.0000E+00  4.0000E+00  2.0000E+00
  -262   701   1   1   0   1      r             ne        rherz=10959.7mu 
  0.0000E+00  1.0000E+02  4.0000E+01  0.0000E+00  1.5000E+00  5.0000E-01
 -1062   400   1   1   0   1      t/fs          na        natzz=10959.7mu 
 -1.6000E+02  1.7000E+02  6.6711E+01  0.0000E+00  1.5000E+00  5.0000E-01
 -1162   400   1   1   0   1      t/fs          ne        rhezz=10959.7mu 
 -1.6000E+02  1.7000E+02  6.6711E+01  0.0000E+00  1.5000E+00  5.0000E-01
 -1112   400   1   1   0   1      t/fs          ni(1+)    ni1zz=10959.7mu 
 -1.6000E+02  1.7000E+02  6.6711E+01  0.0000E+00  1.5000E+00  5.0000E-01
 -1212   400   1   1   0   1      t/fs          ni(2+)    ni2zz=10959.7mu 
 -1.6000E+02  1.7000E+02  6.6711E+01  0.0000E+00  1.5000E+00  5.0000E-01
 -1262   400   1   1   0   1      t/fs          n0        ni0zz=10959.7mu 
 -1.6000E+02  1.7000E+02  6.6711E+01  0.0000E+00  1.5000E+00  5.0000E-01
  5000   200   1   1   0   1  z (microns)     Action      emac            
  5100   200   1   1   0   1  z (microns)  r_{1/e} (mu)   rmsb            
  5150   200   1   1   0   1  z (microns)   r(P_0/2) (mu) rpo2            
  5200   200   1   1   0   1  z (microns)       H         hami            
  5350   200   1   1   0   1  z (microns)    I0/Wcm^{-2}  i0r0            
  5300   200   1   1   0   1  z (microns)      I/I0(r=0)  a2r0            
  5600   200   1   1   0   1  z (microns)      Phi(0,0)   aphi            
  5400   200   1   1   0   1  z (microns)     n_e(r=0)    rer0            
  5420   200   1   1   0   1  z (microns)   n_{gas}(r=0)  nar0            
  5440   200   1   1   0   1  z (microns)     n_0         n0r0            
  5450   200   1   1   0   1  z (microns)     n_i(1+)     n1r0            
  5460   200   1   1   0   1  z (microns)     n_i(2+)     n2r0            
  5500   200   1   1   0   1  z (microns)   Thomson (w0)  a2ne            
  6000   200   1   1   0   1  z (microns)     Qtot        rhet            
