      6025.0005        23.1459
      6050.0005        23.1874
      6075.0005        23.2288
      6100.0005        23.2702
      6125.0000        23.3103
      6150.0000        23.3524
      6175.0000        23.3946
      6200.0005        23.4367
      6225.0005        23.4788
      6250.0005        23.5208
      6275.0005        23.5629
      6300.0005        23.6038
      6325.0000        23.6466
      6350.0000        23.6894
      6375.0000        23.7321
      6400.0005        23.7748
      6425.0005        23.8175
      6450.0005        23.8586
      6475.0005        23.9020
      6500.0005        23.9453
      6525.0000        23.9887
      6550.0000        24.0320
      6575.0000        24.0753
      6600.0000        24.1186
      6625.0005        24.1605
      6650.0005        24.2045
      6675.0005        24.2485
      6700.0005        24.2924
      6725.0005        24.3363
      6750.0000        24.3802
      6775.0000        24.4241
      6800.0000        24.4669
      6825.0005        24.5114
      6850.0005        24.5559
      6875.0005        24.6004
      6900.0005        24.6448
      6925.0000        24.6892
      6950.0005        24.7322
      6975.0000        24.7773
      7000.0000        24.8223
      7025.0000        24.8673
      7050.0005        24.9122
      7075.0005        24.9572
      7100.0005        25.0005
      7125.0005        25.0460
      7150.0005        25.0916
      7175.0005        25.1371
      7200.0000        25.1826
      7225.0000        25.2280
      7250.0005        25.2734
      7275.0005        25.3177
      7300.0005        25.3637
      7325.0005        25.4097
      7350.0005        25.4556
      7375.0000        25.5016
      7400.0005        25.5474
      7425.0000        25.5920
      7450.0005        25.6385
      7475.0005        25.6850
      7500.0005        25.7314
      7525.0005        25.7778
      7550.0000        25.8241
      7575.0005        25.8690
      7600.0000        25.9160
      7625.0005        25.9629
      7650.0000        26.0098
      7675.0005        26.0566
      7700.0005        26.1033
      7725.0005        26.1486
      7750.0005        26.1960
      7775.0005        26.2433
      7800.0005        26.2906
      7825.0000        26.3379
      7850.0000        26.3851
      7875.0005        26.4307
      7900.0005        26.4785
      7925.0005        26.5263
      7950.0005        26.5740
      7975.0005        26.6216
      8000.0000        26.6692
      8025.0005        26.7153
      8050.0000        26.7635
      8075.0010        26.8116
      8100.0005        26.8597
      8125.0005        26.9077
      8150.0005        26.9557
      8175.0000        27.0021
      8200.0010        27.0507
      8225.0000        27.0992
      8250.0010        27.1476
      8275.0000        27.1960
      8300.0010        27.2444
      8325.0000        27.2913
      8350.0000        27.3401
      8375.0000        27.3890
      8400.0000        27.4378
      8425.0010        27.4866
      8450.0000        27.5353
      8475.0010        27.5826
      8500.0000        27.6318
      8525.0000        27.6811
      8550.0000        27.7302
      8575.0010        27.7793
      8600.0010        27.8283
      8625.0000        27.8761
      8650.0010        27.9256
      8675.0000        27.9752
      8700.0010        28.0246
      8725.0000        28.0740
      8750.0000        28.1234
      8775.0000        28.1716
      8800.0010        28.2215
      8825.0010        28.2713
      8850.0000        28.3211
      8875.0010        28.3708
      8900.0000        28.4204
      8925.0010        28.4691
      8950.0000        28.5193
      8975.0000        28.5694
      9000.0000        28.6194
      9025.0010        28.6694
      9050.0010        28.7180
      9075.0000        28.7685
      9100.0000        28.8190
      9125.0000        28.8694
      9150.0010        28.9197
      9175.0000        28.9700
      9200.0000        29.0190
      9225.0000        29.0698
      9250.0010        29.1206
      9275.0010        29.1712
      9300.0000        29.2218
      9325.0010        29.2723
      9350.0000        29.3219
      9375.0010        29.3729
      9400.0000        29.4239
      9425.0000        29.4748
      9450.0010        29.5257
      9475.0000        29.5751
      9500.0010        29.6265
      9525.0000        29.6778
      9550.0010        29.7291
      9575.0000        29.7802
      9600.0010        29.8312
      9625.0000        29.8812
      9650.0000        29.9328
      9675.0010        29.9843
      9700.0000        30.0358
      9725.0010        30.0872
      9750.0000        30.1385
      9775.0010        30.1890
      9800.0000        30.2408
      9825.0010        30.2925
      9850.0000        30.3442
      9875.0000        30.3958
      9900.0010        30.4462
      9925.0010        30.4983
      9950.0010        30.5503
      9975.0000        30.6023
     10000.0000        30.6541
     10025.0000        30.7059
     10050.0010        30.7569
     10075.0010        30.8092
     10100.0000        30.8614
     10125.0010        30.9136
     10150.0010        30.9656
     10175.0010        31.0165
     10200.0000        31.0691
     10225.0000        31.1216
     10250.0000        31.1740
     10275.0010        31.2263
     10300.0010        31.2786
     10325.0000        31.3300
     10350.0000        31.3828
     10375.0010        31.4354
     10400.0010        31.4880
     10425.0000        31.5405
     10450.0000        31.5919
     10475.0000        31.6449
     10500.0010        31.6978
     10525.0010        31.7506
     10550.0000        31.8033
     10575.0000        31.8560
     10600.0010        31.9079
     10625.0010        31.9611
     10650.0000        32.0141
     10675.0000        32.0671
     10700.0010        32.1200
     10725.0010        32.1719
     10750.0010        32.2253
     10775.0000        32.2786
     10800.0000        32.3318
     10825.0000        32.3849
     10850.0010        32.4368
     10875.0000        32.4905
     10900.0000        32.5440
     10925.0000        32.5975
     10950.0010        32.6508
     10975.0010        32.7041
     11000.0000        32.7565
