      6025.0005        28.1314
      6050.0005        28.1805
      6075.0005        28.2312
      6100.0005        28.2819
      6125.0000        28.3325
      6150.0000        28.3830
      6175.0000        28.4321
      6200.0005        28.4836
      6225.0005        28.5350
      6250.0005        28.5862
      6275.0005        28.6374
      6300.0005        28.6886
      6325.0000        28.7388
      6350.0000        28.7908
      6375.0000        28.8428
      6400.0005        28.8947
      6425.0005        28.9465
      6450.0005        28.9982
      6475.0005        29.0495
      6500.0005        29.1021
      6525.0000        29.1546
      6550.0000        29.2071
      6575.0000        29.2595
      6600.0000        29.3109
      6625.0005        29.3642
      6650.0005        29.4173
      6675.0005        29.4704
      6700.0005        29.5233
      6725.0005        29.5749
      6750.0000        29.6288
      6775.0000        29.6825
      6800.0000        29.7362
      6825.0005        29.7898
      6850.0005        29.8432
      6875.0005        29.8960
      6900.0005        29.9503
      6925.0000        30.0045
      6950.0005        30.0586
      6975.0000        30.1127
      7000.0000        30.1657
      7025.0000        30.2206
      7050.0005        30.2754
      7075.0005        30.3300
      7100.0005        30.3846
      7125.0005        30.4379
      7150.0005        30.4933
      7175.0005        30.5486
      7200.0000        30.6038
      7225.0000        30.6588
      7250.0005        30.7138
      7275.0005        30.7684
      7300.0005        30.8242
      7325.0005        30.8799
      7350.0005        30.9354
      7375.0000        30.9909
      7400.0005        31.0458
      7425.0000        31.1021
      7450.0005        31.1582
      7475.0005        31.2143
      7500.0005        31.2702
      7525.0005        31.3255
      7550.0000        31.3822
      7575.0005        31.4388
      7600.0000        31.4953
      7625.0005        31.5517
      7650.0000        31.6073
      7675.0005        31.6645
      7700.0005        31.7216
      7725.0005        31.7785
      7750.0005        31.8353
      7775.0005        31.8913
      7800.0005        31.9489
      7825.0000        32.0064
      7850.0000        32.0637
      7875.0005        32.1209
      7900.0005        32.1774
      7925.0005        32.2354
      7950.0005        32.2933
      7975.0005        32.3510
      8000.0000        32.4086
      8025.0005        32.4655
      8050.0000        32.5239
      8075.0010        32.5822
      8100.0005        32.6403
      8125.0005        32.6982
      8150.0005        32.7556
      8175.0000        32.8143
      8200.0010        32.8730
      8225.0000        32.9314
      8250.0010        32.9898
      8275.0000        33.0476
      8300.0010        33.1067
      8325.0000        33.1657
      8350.0000        33.2244
      8375.0000        33.2832
      8400.0000        33.3414
      8425.0010        33.4009
      8450.0000        33.4602
      8475.0010        33.5193
      8500.0000        33.5772
      8525.0000        33.6371
      8550.0000        33.6968
      8575.0010        33.7564
      8600.0010        33.8159
      8625.0000        33.8743
      8650.0010        33.9345
      8675.0000        33.9946
      8700.0010        34.0545
      8725.0000        34.1142
      8750.0000        34.1732
      8775.0000        34.2337
      8800.0010        34.2940
      8825.0010        34.3542
      8850.0000        34.4143
      8875.0010        34.4737
      8900.0000        34.5345
      8925.0010        34.5951
      8950.0000        34.6556
      8975.0000        34.7147
      9000.0000        34.7759
      9025.0010        34.8369
      9050.0010        34.8978
      9075.0000        34.9585
      9100.0000        35.0183
      9125.0000        35.0797
      9150.0010        35.1409
      9175.0000        35.2020
      9200.0000        35.2630
      9225.0000        35.3233
      9250.0010        35.3850
      9275.0010        35.4465
      9300.0000        35.5079
      9325.0010        35.5690
      9350.0000        35.6299
      9375.0010        35.6918
      9400.0000        35.7535
      9425.0000        35.8151
      9450.0010        35.8757
      9475.0000        35.9379
      9500.0010        36.0000
      9525.0000        36.0619
      9550.0010        36.1237
      9575.0000        36.1849
      9600.0010        36.2474
      9625.0000        36.3097
      9650.0000        36.3718
      9675.0010        36.4327
      9700.0000        36.4955
      9725.0010        36.5582
      9750.0000        36.6207
      9775.0010        36.6830
      9800.0000        36.7445
      9825.0010        36.8076
      9850.0000        36.8703
      9875.0000        36.9330
      9900.0010        36.9955
      9925.0010        37.0577
      9950.0010        37.1208
      9975.0000        37.1838
     10000.0000        37.2467
     10025.0000        37.3086
     10050.0010        37.3721
     10075.0010        37.4354
     10100.0000        37.4986
     10125.0010        37.5615
     10150.0010        37.6241
     10175.0010        37.6878
     10200.0000        37.7513
     10225.0000        37.8146
     10250.0000        37.8769
     10275.0010        37.9408
     10300.0010        38.0046
     10325.0000        38.0682
     10350.0000        38.1317
     10375.0010        38.1947
     10400.0010        38.2587
     10425.0000        38.3227
     10450.0000        38.3864
     10475.0000        38.4492
     10500.0010        38.5136
     10525.0010        38.5778
     10550.0000        38.6418
     10575.0000        38.7057
     10600.0010        38.7692
     10625.0010        38.8336
     10650.0000        38.8979
     10675.0000        38.9620
     10700.0010        39.0254
     10725.0010        39.0901
     10750.0010        39.1547
     10775.0000        39.2192
     10800.0000        39.2834
     10825.0000        39.3474
     10850.0010        39.4122
     10875.0000        39.4770
     10900.0000        39.5415
     10925.0000        39.6053
     10950.0010        39.6704
     10975.0010        39.7354
     11000.0000        39.8001
