      6025.0005        30.5507
      6050.0005        30.6053
      6075.0005        30.6598
      6100.0005        30.7141
      6125.0000        30.7683
      6150.0000        30.8237
      6175.0000        30.8789
      6200.0005        30.9341
      6225.0005        30.9891
      6250.0005        31.0437
      6275.0005        31.0998
      6300.0005        31.1557
      6325.0000        31.2115
      6350.0000        31.2673
      6375.0000        31.3224
      6400.0005        31.3790
      6425.0005        31.4356
      6450.0005        31.4920
      6475.0005        31.5484
      6500.0005        31.6040
      6525.0000        31.6613
      6550.0000        31.7185
      6575.0000        31.7755
      6600.0000        31.8324
      6625.0005        31.8886
      6650.0005        31.9465
      6675.0005        32.0043
      6700.0005        32.0619
      6725.0005        32.1194
      6750.0000        32.1762
      6775.0000        32.2346
      6800.0000        32.2929
      6825.0005        32.3511
      6850.0005        32.4091
      6875.0005        32.4665
      6900.0005        32.5255
      6925.0000        32.5843
      6950.0005        32.6430
      6975.0000        32.7015
      7000.0000        32.7596
      7025.0000        32.8191
      7050.0005        32.8784
      7075.0005        32.9376
      7100.0005        32.9966
      7125.0005        33.0554
      7150.0005        33.1153
      7175.0005        33.1751
      7200.0000        33.2348
      7225.0000        33.2932
      7250.0005        33.3538
      7275.0005        33.4142
      7300.0005        33.4744
      7325.0005        33.5344
      7350.0005        33.5936
      7375.0000        33.6546
      7400.0005        33.7154
      7425.0000        33.7761
      7450.0005        33.8366
      7475.0005        33.8965
      7500.0005        33.9580
      7525.0005        34.0192
      7550.0000        34.0802
      7575.0005        34.1411
      7600.0000        34.2019
      7625.0005        34.2636
      7650.0000        34.3253
      7675.0005        34.3867
      7700.0005        34.4472
      7725.0005        34.5094
      7750.0005        34.5716
      7775.0005        34.6336
      7800.0005        34.6954
      7825.0000        34.7567
      7850.0000        34.8193
      7875.0005        34.8818
      7900.0005        34.9441
      7925.0005        35.0052
      7950.0005        35.0684
      7975.0005        35.1313
      8000.0000        35.1941
      8025.0005        35.2567
      8050.0000        35.3187
      8075.0010        35.3822
      8100.0005        35.4454
      8125.0005        35.5085
      8150.0005        35.5703
      8175.0000        35.6343
      8200.0010        35.6980
      8225.0000        35.7616
      8250.0010        35.8250
      8275.0000        35.8876
      8300.0010        35.9518
      8325.0000        36.0159
      8350.0000        36.0797
      8375.0000        36.1423
      8400.0000        36.2069
      8425.0010        36.2714
      8450.0000        36.3357
      8475.0010        36.3997
      8500.0000        36.4632
      8525.0000        36.5281
      8550.0000        36.5928
      8575.0010        36.6573
      8600.0010        36.7206
      8625.0000        36.7859
      8650.0010        36.8510
      8675.0000        36.9159
      8700.0010        36.9806
      8725.0000        37.0449
      8750.0000        37.1105
      8775.0000        37.1758
      8800.0010        37.2409
      8825.0010        37.3051
      8850.0000        37.3710
      8875.0010        37.4367
      8900.0000        37.5022
      8925.0010        37.5675
      8950.0000        37.6327
      8975.0000        37.6988
      9000.0000        37.7647
      9025.0010        37.8303
      9050.0010        37.8955
      9075.0000        37.9619
      9100.0000        38.0282
      9125.0000        38.0942
      9150.0010        38.1593
      9175.0000        38.2261
      9200.0000        38.2928
      9225.0000        38.3592
      9250.0010        38.4253
      9275.0010        38.4914
      9300.0000        38.5584
      9325.0010        38.6251
      9350.0000        38.6916
      9375.0010        38.7577
      9400.0000        38.8250
      9425.0000        38.8920
      9450.0010        38.9589
      9475.0000        39.0250
      9500.0010        39.0926
      9525.0000        39.1600
      9550.0010        39.2272
      9575.0000        39.2933
      9600.0010        39.3612
      9625.0000        39.4289
      9650.0000        39.4964
      9675.0010        39.5637
      9700.0000        39.6308
      9725.0010        39.6988
      9750.0000        39.7666
      9775.0010        39.8342
      9800.0000        39.9013
      9825.0010        39.9697
      9850.0000        40.0377
      9875.0000        40.1056
      9900.0010        40.1728
      9925.0010        40.2414
      9950.0010        40.3098
      9975.0000        40.3779
     10000.0000        40.4452
     10025.0000        40.5140
     10050.0010        40.5827
     10075.0010        40.6511
     10100.0000        40.7185
     10125.0010        40.7876
     10150.0010        40.8565
     10175.0010        40.9253
     10200.0000        40.9937
     10225.0000        41.0621
     10250.0000        41.1312
     10275.0010        41.2002
     10300.0010        41.2689
     10325.0000        41.3373
     10350.0000        41.4068
     10375.0010        41.4760
     10400.0010        41.5449
     10425.0000        41.6135
     10450.0000        41.6831
     10475.0000        41.7526
     10500.0010        41.8219
     10525.0010        41.8904
     10550.0000        41.9604
     10575.0000        42.0301
     10600.0010        42.0996
     10625.0010        42.1683
     10650.0000        42.2385
     10675.0000        42.3083
     10700.0010        42.3781
     10725.0010        42.4469
     10750.0010        42.5172
     10775.0000        42.5874
     10800.0000        42.6573
     10825.0000        42.7262
     10850.0010        42.7968
     10875.0000        42.8672
     10900.0000        42.9373
     10925.0000        43.0063
     10950.0010        43.0771
     10975.0010        43.1477
     11000.0000        43.2180
