      6025.0005        39.0804
      6050.0005        39.1503
      6075.0005        39.2199
      6100.0005        39.2882
      6125.0000        39.3591
      6150.0000        39.4297
      6175.0000        39.5000
      6200.0005        39.5700
      6225.0005        39.6405
      6250.0005        39.7118
      6275.0005        39.7827
      6300.0005        39.8533
      6325.0000        39.9244
      6350.0000        39.9964
      6375.0000        40.0680
      6400.0005        40.1391
      6425.0005        40.2109
      6450.0005        40.2834
      6475.0005        40.3556
      6500.0005        40.4274
      6525.0000        40.4998
      6550.0000        40.5730
      6575.0000        40.6457
      6600.0000        40.7172
      6625.0005        40.7912
      6650.0005        40.8649
      6675.0005        40.9381
      6700.0005        41.0103
      6725.0005        41.0849
      6750.0000        41.1591
      6775.0000        41.2328
      6800.0000        41.3058
      6825.0005        41.3809
      6850.0005        41.4555
      6875.0005        41.5298
      6900.0005        41.6036
      6925.0000        41.6792
      6950.0005        41.7543
      6975.0000        41.8290
      7000.0000        41.9036
      7025.0000        41.9797
      7050.0005        42.0552
      7075.0005        42.1303
      7100.0005        42.2058
      7125.0005        42.2822
      7150.0005        42.3582
      7175.0005        42.4329
      7200.0000        42.5101
      7225.0000        42.5868
      7250.0005        42.6633
      7275.0005        42.7389
      7300.0005        42.8164
      7325.0005        42.8936
      7350.0005        42.9703
      7375.0000        43.0469
      7400.0005        43.1247
      7425.0000        43.2022
      7450.0005        43.2793
      7475.0005        43.3568
      7500.0005        43.4351
      7525.0005        43.5128
      7550.0000        43.5897
      7575.0005        43.6687
      7600.0000        43.7472
      7625.0005        43.8252
      7650.0000        43.9032
      7675.0005        43.9824
      7700.0005        44.0612
      7725.0005        44.1395
      7750.0005        44.2184
      7775.0005        44.2979
      7800.0005        44.3769
      7825.0000        44.4553
      7850.0000        44.5354
      7875.0005        44.6151
      7900.0005        44.6944
      7925.0005        44.7738
      7950.0005        44.8542
      7975.0005        44.9341
      8000.0000        45.0130
      8025.0005        45.0941
      8050.0000        45.1746
      8075.0010        45.2548
      8100.0005        45.3347
      8125.0005        45.4159
      8150.0005        45.4967
      8175.0000        45.5762
      8200.0010        45.6580
      8225.0000        45.7394
      8250.0010        45.8203
      8275.0000        45.9009
      8300.0010        45.9829
      8325.0000        46.0644
      8350.0000        46.1445
      8375.0000        46.2272
      8400.0000        46.3092
      8425.0010        46.3908
      8450.0000        46.4722
      8475.0010        46.5549
      8500.0000        46.6370
      8525.0000        46.7180
      8550.0000        46.8013
      8575.0010        46.8840
      8600.0010        46.9663
      8625.0000        47.0484
      8650.0010        47.1317
      8675.0000        47.2145
      8700.0010        47.2962
      8725.0000        47.3801
      8750.0000        47.4635
      8775.0000        47.5464
      8800.0010        47.6293
      8825.0010        47.7132
      8850.0000        47.7966
      8875.0010        47.8793
      8900.0000        47.9637
      8925.0010        48.0476
      8950.0000        48.1311
      8975.0000        48.2148
      9000.0000        48.2992
      9025.0010        48.3832
      9050.0010        48.4667
      9075.0000        48.5516
      9100.0000        48.6361
      9125.0000        48.7193
      9150.0010        48.8047
      9175.0000        48.8895
      9200.0000        48.9740
      9225.0000        49.0584
      9250.0010        49.1438
      9275.0010        49.2286
      9300.0000        49.3129
      9325.0010        49.3987
      9350.0000        49.4840
      9375.0010        49.5688
      9400.0000        49.6542
      9425.0000        49.7399
      9450.0010        49.8253
      9475.0000        49.9104
      9500.0010        49.9966
      9525.0000        50.0823
      9550.0010        50.1674
      9575.0000        50.2540
      9600.0010        50.3402
      9625.0000        50.4258
      9650.0000        50.5120
      9675.0010        50.5985
      9700.0000        50.6845
      9725.0010        50.7706
      9750.0000        50.8576
      9775.0010        50.9440
      9800.0000        51.0298
      9825.0010        51.1173
      9850.0000        51.2040
      9875.0000        51.2897
      9900.0010        51.3775
      9925.0010        51.4647
      9950.0010        51.5515
      9975.0000        51.6384
     10000.0000        51.7261
     10025.0000        51.8132
     10050.0010        51.8999
     10075.0010        51.9879
     10100.0000        52.0755
     10125.0010        52.1621
     10150.0010        52.2504
     10175.0010        52.3383
     10200.0000        52.4257
     10225.0000        52.5136
     10250.0000        52.6018
     10275.0010        52.6894
     10300.0010        52.7771
     10325.0000        52.8657
     10350.0000        52.9538
     10375.0010        53.0414
     10400.0010        53.1303
     10425.0000        53.2187
     10450.0000        53.3062
     10475.0000        53.3955
     10500.0010        53.4842
     10525.0010        53.5716
     10550.0000        53.6612
     10575.0000        53.7503
     10600.0010        53.8387
     10625.0010        53.9275
     10650.0000        54.0169
     10675.0000        54.1056
     10700.0010        54.1944
     10725.0010        54.2839
     10750.0010        54.3730
     10775.0000        54.4617
     10800.0000        54.5516
     10825.0000        54.6411
     10850.0010        54.7296
     10875.0000        54.8198
     10900.0000        54.9096
     10925.0000        54.9987
     10950.0010        55.0885
     10975.0010        55.1785
     11000.0000        55.2679
