 6.0250E+03 0.0000E+00
 6.0500E+03 0.0000E+00
 6.0750E+03 0.0000E+00
 6.1000E+03 0.0000E+00
 6.1250E+03 0.0000E+00
 6.1500E+03 0.0000E+00
 6.1750E+03 0.0000E+00
 6.2000E+03 0.0000E+00
 6.2250E+03 0.0000E+00
 6.2500E+03 0.0000E+00
 6.2750E+03 0.0000E+00
 6.3000E+03 0.0000E+00
 6.3250E+03 0.0000E+00
 6.3500E+03 0.0000E+00
 6.3750E+03 0.0000E+00
 6.4000E+03 0.0000E+00
 6.4250E+03 0.0000E+00
 6.4500E+03 0.0000E+00
 6.4750E+03 0.0000E+00
 6.5000E+03 0.0000E+00
 6.5250E+03 0.0000E+00
 6.5500E+03 0.0000E+00
 6.5750E+03 0.0000E+00
 6.6000E+03 0.0000E+00
 6.6250E+03 0.0000E+00
 6.6500E+03 0.0000E+00
 6.6750E+03 0.0000E+00
 6.7000E+03 0.0000E+00
 6.7250E+03 0.0000E+00
 6.7500E+03 0.0000E+00
 6.7750E+03 0.0000E+00
 6.8000E+03 0.0000E+00
 6.8250E+03 0.0000E+00
 6.8500E+03 0.0000E+00
 6.8750E+03 0.0000E+00
 6.9000E+03 0.0000E+00
 6.9250E+03 0.0000E+00
 6.9500E+03 0.0000E+00
 6.9750E+03 0.0000E+00
 7.0000E+03 0.0000E+00
 7.0250E+03 0.0000E+00
 7.0500E+03 2.3474E+17
 7.0750E+03 2.3460E+17
 7.1000E+03 2.3429E+17
 7.1250E+03 2.3405E+17
 7.1500E+03 2.3406E+17
 7.1750E+03 2.3372E+17
 7.2000E+03 2.3371E+17
 7.2250E+03 2.3352E+17
 7.2500E+03 2.3316E+17
 7.2750E+03 2.3295E+17
 7.3000E+03 2.3278E+17
 7.3250E+03 2.3256E+17
 7.3500E+03 2.3232E+17
 7.3750E+03 2.3207E+17
 7.4000E+03 2.3165E+17
 7.4250E+03 2.3138E+17
 7.4500E+03 2.3127E+17
 7.4750E+03 2.3098E+17
 7.5000E+03 2.3053E+17
 7.5250E+03 2.3005E+17
 7.5500E+03 2.2973E+17
 7.5750E+03 2.2957E+17
 7.6000E+03 2.2922E+17
 7.6250E+03 2.2886E+17
 7.6500E+03 2.2850E+17
 7.6750E+03 2.2812E+17
 7.7000E+03 2.2755E+17
 7.7250E+03 2.2715E+17
 7.7500E+03 2.2657E+17
 7.7750E+03 2.2631E+17
 7.8000E+03 2.2587E+17
 7.8250E+03 2.2543E+17
 7.8500E+03 2.2481E+17
 7.8750E+03 2.2450E+17
 7.9000E+03 2.2366E+17
 7.9250E+03 2.2333E+17
 7.9500E+03 2.2283E+17
 7.9750E+03 2.2215E+17
 8.0000E+03 2.2178E+17
 8.0250E+03 2.2125E+17
 8.0500E+03 2.2054E+17
 8.0750E+03 2.2014E+17
 8.1000E+03 2.1958E+17
 8.1250E+03 2.1899E+17
 8.1500E+03 2.1825E+17
 8.1750E+03 2.1781E+17
 8.2000E+03 2.1720E+17
 8.2250E+03 2.1642E+17
 8.2500E+03 2.1579E+17
 8.2750E+03 2.1516E+17
 8.3000E+03 2.1468E+17
 8.3250E+03 2.1403E+17
 8.3500E+03 2.1336E+17
 8.3750E+03 2.1269E+17
 8.4000E+03 2.1185E+17
 8.4250E+03 2.1115E+17
 8.4500E+03 2.1046E+17
 8.4750E+03 2.0976E+17
 8.5000E+03 2.0922E+17
 8.5250E+03 2.0850E+17
 8.5500E+03 2.0762E+17
 8.5750E+03 2.0705E+17
 8.6000E+03 2.0632E+17
 8.6250E+03 2.0557E+17
 8.6500E+03 2.0483E+17
 8.6750E+03 2.0408E+17
 8.7000E+03 2.0317E+17
 8.7250E+03 2.0257E+17
 8.7500E+03 2.0180E+17
 8.7750E+03 2.0103E+17
 8.8000E+03 2.0026E+17
 8.8250E+03 1.9932E+17
 8.8500E+03 1.9870E+17
 8.8750E+03 1.9792E+17
 8.9000E+03 1.9698E+17
 8.9250E+03 1.9636E+17
 8.9500E+03 1.9557E+17
 8.9750E+03 1.9477E+17
 9.0000E+03 1.9398E+17
 9.0250E+03 1.9302E+17
 9.0500E+03 1.9239E+17
 9.0750E+03 1.9159E+17
 9.1000E+03 1.9081E+17
 9.1250E+03 1.9001E+17
 9.1500E+03 1.8921E+17
 9.1750E+03 1.8842E+17
 9.2000E+03 1.8762E+17
 9.2250E+03 1.8683E+17
 9.2500E+03 1.8603E+17
 9.2750E+03 1.8525E+17
 9.3000E+03 1.8430E+17
 9.3250E+03 1.8367E+17
 9.3500E+03 1.8289E+17
 9.3750E+03 1.8209E+17
 9.4000E+03 1.8115E+17
 9.4250E+03 1.8054E+17
 9.4500E+03 1.7977E+17
 9.4750E+03 1.7884E+17
 9.5000E+03 1.7822E+17
 9.5250E+03 1.7746E+17
 9.5500E+03 1.7670E+17
 9.5750E+03 1.7593E+17
 9.6000E+03 1.7519E+17
 9.6250E+03 1.7444E+17
 9.6500E+03 1.7369E+17
 9.6750E+03 1.7278E+17
 9.7000E+03 1.7221E+17
 9.7250E+03 1.7131E+17
 9.7500E+03 1.7076E+17
 9.7750E+03 1.7003E+17
 9.8000E+03 1.6932E+17
 9.8250E+03 1.6844E+17
 9.8500E+03 1.6789E+17
 9.8750E+03 1.6721E+17
 9.9000E+03 1.6651E+17
 9.9250E+03 1.6564E+17
 9.9500E+03 1.6496E+17
 9.9750E+03 1.6428E+17
 1.0000E+04 1.6378E+17
 1.0025E+04 0.0000E+00
 1.0050E+04 0.0000E+00
 1.0075E+04 0.0000E+00
 1.0100E+04 0.0000E+00
 1.0125E+04 0.0000E+00
 1.0150E+04 0.0000E+00
 1.0175E+04 0.0000E+00
 1.0200E+04 0.0000E+00
 1.0225E+04 0.0000E+00
 1.0250E+04 0.0000E+00
 1.0275E+04 0.0000E+00
 1.0300E+04 0.0000E+00
 1.0325E+04 0.0000E+00
 1.0350E+04 0.0000E+00
 1.0375E+04 0.0000E+00
 1.0400E+04 0.0000E+00
 1.0425E+04 0.0000E+00
 1.0450E+04 0.0000E+00
 1.0475E+04 0.0000E+00
 1.0500E+04 0.0000E+00
 1.0525E+04 0.0000E+00
 1.0550E+04 0.0000E+00
 1.0575E+04 0.0000E+00
 1.0600E+04 0.0000E+00
 1.0625E+04 0.0000E+00
 1.0650E+04 0.0000E+00
 1.0675E+04 0.0000E+00
 1.0700E+04 0.0000E+00
 1.0725E+04 0.0000E+00
 1.0750E+04 0.0000E+00
 1.0775E+04 0.0000E+00
 1.0800E+04 0.0000E+00
 1.0825E+04 0.0000E+00
 1.0850E+04 0.0000E+00
 1.0875E+04 0.0000E+00
 1.0900E+04 0.0000E+00
 1.0925E+04 0.0000E+00
 1.0950E+04 0.0000E+00
 1.0975E+04 0.0000E+00
 1.1000E+04 0.0000E+00
