 6.0250E+03 2.7973E+01
 6.0500E+03 2.8023E+01
 6.0750E+03 2.8072E+01
 6.1000E+03 2.8122E+01
 6.1250E+03 2.8172E+01
 6.1500E+03 2.8222E+01
 6.1750E+03 2.8272E+01
 6.2000E+03 2.8322E+01
 6.2250E+03 2.8373E+01
 6.2500E+03 2.8423E+01
 6.2750E+03 2.8474E+01
 6.3000E+03 2.8524E+01
 6.3250E+03 2.8575E+01
 6.3500E+03 2.8626E+01
 6.3750E+03 2.8677E+01
 6.4000E+03 2.8728E+01
 6.4250E+03 2.8779E+01
 6.4500E+03 2.8831E+01
 6.4750E+03 2.8882E+01
 6.5000E+03 2.8934E+01
 6.5250E+03 2.8985E+01
 6.5500E+03 2.9037E+01
 6.5750E+03 2.9089E+01
 6.6000E+03 2.9141E+01
 6.6250E+03 2.9193E+01
 6.6500E+03 2.9245E+01
 6.6750E+03 2.9298E+01
 6.7000E+03 2.9350E+01
 6.7250E+03 2.9403E+01
 6.7500E+03 2.9455E+01
 6.7750E+03 2.9508E+01
 6.8000E+03 2.9561E+01
 6.8250E+03 2.9614E+01
 6.8500E+03 2.9667E+01
 6.8750E+03 2.9720E+01
 6.9000E+03 2.9773E+01
 6.9250E+03 2.9826E+01
 6.9500E+03 2.9880E+01
 6.9750E+03 2.9933E+01
 7.0000E+03 2.9987E+01
 7.0250E+03 3.0041E+01
 7.0500E+03 3.0094E+01
 7.0750E+03 3.0148E+01
 7.1000E+03 3.0202E+01
 7.1250E+03 3.0256E+01
 7.1500E+03 3.0310E+01
 7.1750E+03 3.0365E+01
 7.2000E+03 3.0419E+01
 7.2250E+03 3.0474E+01
 7.2500E+03 3.0528E+01
 7.2750E+03 3.0583E+01
 7.3000E+03 3.0637E+01
 7.3250E+03 3.0692E+01
 7.3500E+03 3.0747E+01
 7.3750E+03 3.0802E+01
 7.4000E+03 3.0857E+01
 7.4250E+03 3.0912E+01
 7.4500E+03 3.0968E+01
 7.4750E+03 3.1023E+01
 7.5000E+03 3.1078E+01
 7.5250E+03 3.1134E+01
 7.5500E+03 3.1190E+01
 7.5750E+03 3.1245E+01
 7.6000E+03 3.1301E+01
 7.6250E+03 3.1357E+01
 7.6500E+03 3.1413E+01
 7.6750E+03 3.1469E+01
 7.7000E+03 3.1525E+01
 7.7250E+03 3.1581E+01
 7.7500E+03 3.1637E+01
 7.7750E+03 3.1694E+01
 7.8000E+03 3.1750E+01
 7.8250E+03 3.1807E+01
 7.8500E+03 3.1863E+01
 7.8750E+03 3.1920E+01
 7.9000E+03 3.1977E+01
 7.9250E+03 3.2034E+01
 7.9500E+03 3.2091E+01
 7.9750E+03 3.2148E+01
 8.0000E+03 3.2205E+01
 8.0250E+03 3.2262E+01
 8.0500E+03 3.2319E+01
 8.0750E+03 3.2376E+01
 8.1000E+03 3.2434E+01
 8.1250E+03 3.2491E+01
 8.1500E+03 3.2549E+01
 8.1750E+03 3.2606E+01
 8.2000E+03 3.2664E+01
 8.2250E+03 3.2722E+01
 8.2500E+03 3.2780E+01
 8.2750E+03 3.2838E+01
 8.3000E+03 3.2896E+01
 8.3250E+03 3.2954E+01
 8.3500E+03 3.3012E+01
 8.3750E+03 3.3070E+01
 8.4000E+03 3.3128E+01
 8.4250E+03 3.3187E+01
 8.4500E+03 3.3245E+01
 8.4750E+03 3.3303E+01
 8.5000E+03 3.3362E+01
 8.5250E+03 3.3421E+01
 8.5500E+03 3.3479E+01
 8.5750E+03 3.3538E+01
 8.6000E+03 3.3597E+01
 8.6250E+03 3.3656E+01
 8.6500E+03 3.3715E+01
 8.6750E+03 3.3774E+01
 8.7000E+03 3.3833E+01
 8.7250E+03 3.3892E+01
 8.7500E+03 3.3951E+01
 8.7750E+03 3.4011E+01
 8.8000E+03 3.4070E+01
 8.8250E+03 3.4129E+01
 8.8500E+03 3.4189E+01
 8.8750E+03 3.4249E+01
 8.9000E+03 3.4308E+01
 8.9250E+03 3.4368E+01
 8.9500E+03 3.4428E+01
 8.9750E+03 3.4487E+01
 9.0000E+03 3.4547E+01
 9.0250E+03 3.4607E+01
 9.0500E+03 3.4667E+01
 9.0750E+03 3.4727E+01
 9.1000E+03 3.4787E+01
 9.1250E+03 3.4848E+01
 9.1500E+03 3.4908E+01
 9.1750E+03 3.4968E+01
 9.2000E+03 3.5029E+01
 9.2250E+03 3.5089E+01
 9.2500E+03 3.5150E+01
 9.2750E+03 3.5210E+01
 9.3000E+03 3.5271E+01
 9.3250E+03 3.5331E+01
 9.3500E+03 3.5392E+01
 9.3750E+03 3.5453E+01
 9.4000E+03 3.5514E+01
 9.4250E+03 3.5575E+01
 9.4500E+03 3.5636E+01
 9.4750E+03 3.5697E+01
 9.5000E+03 3.5758E+01
 9.5250E+03 3.5819E+01
 9.5500E+03 3.5880E+01
 9.5750E+03 3.5941E+01
 9.6000E+03 3.6003E+01
 9.6250E+03 3.6064E+01
 9.6500E+03 3.6126E+01
 9.6750E+03 3.6187E+01
 9.7000E+03 3.6249E+01
 9.7250E+03 3.6310E+01
 9.7500E+03 3.6372E+01
 9.7750E+03 3.6434E+01
 9.8000E+03 3.6495E+01
 9.8250E+03 3.6557E+01
 9.8500E+03 3.6619E+01
 9.8750E+03 3.6681E+01
 9.9000E+03 3.6743E+01
 9.9250E+03 3.6805E+01
 9.9500E+03 3.6867E+01
 9.9750E+03 3.6929E+01
 1.0000E+04 3.6991E+01
 1.0025E+04 3.7053E+01
 1.0050E+04 3.7116E+01
 1.0075E+04 3.7178E+01
 1.0100E+04 3.7240E+01
 1.0125E+04 3.7303E+01
 1.0150E+04 3.7365E+01
 1.0175E+04 3.7428E+01
 1.0200E+04 3.7490E+01
 1.0225E+04 3.7553E+01
 1.0250E+04 3.7616E+01
 1.0275E+04 3.7678E+01
 1.0300E+04 3.7741E+01
 1.0325E+04 3.7804E+01
 1.0350E+04 3.7867E+01
 1.0375E+04 3.7930E+01
 1.0400E+04 3.7993E+01
 1.0425E+04 3.8056E+01
 1.0450E+04 3.8119E+01
 1.0475E+04 3.8182E+01
 1.0500E+04 3.8245E+01
 1.0525E+04 3.8308E+01
 1.0550E+04 3.8371E+01
 1.0575E+04 3.8435E+01
 1.0600E+04 3.8498E+01
 1.0625E+04 3.8561E+01
 1.0650E+04 3.8625E+01
 1.0675E+04 3.8688E+01
 1.0700E+04 3.8752E+01
 1.0725E+04 3.8815E+01
 1.0750E+04 3.8879E+01
 1.0775E+04 3.8943E+01
 1.0800E+04 3.9006E+01
 1.0825E+04 3.9070E+01
 1.0850E+04 3.9134E+01
 1.0875E+04 3.9198E+01
 1.0900E+04 3.9262E+01
 1.0925E+04 3.9325E+01
 1.0950E+04 3.9389E+01
 1.0975E+04 3.9453E+01
 1.1000E+04 3.9517E+01
