 6.0250E+03 3.0551E+01
 6.0500E+03 3.0605E+01
 6.0750E+03 3.0660E+01
 6.1000E+03 3.0714E+01
 6.1250E+03 3.0768E+01
 6.1500E+03 3.0824E+01
 6.1750E+03 3.0879E+01
 6.2000E+03 3.0934E+01
 6.2250E+03 3.0989E+01
 6.2500E+03 3.1044E+01
 6.2750E+03 3.1100E+01
 6.3000E+03 3.1156E+01
 6.3250E+03 3.1212E+01
 6.3500E+03 3.1267E+01
 6.3750E+03 3.1322E+01
 6.4000E+03 3.1379E+01
 6.4250E+03 3.1436E+01
 6.4500E+03 3.1492E+01
 6.4750E+03 3.1548E+01
 6.5000E+03 3.1604E+01
 6.5250E+03 3.1661E+01
 6.5500E+03 3.1719E+01
 6.5750E+03 3.1776E+01
 6.6000E+03 3.1832E+01
 6.6250E+03 3.1889E+01
 6.6500E+03 3.1947E+01
 6.6750E+03 3.2004E+01
 6.7000E+03 3.2062E+01
 6.7250E+03 3.2119E+01
 6.7500E+03 3.2176E+01
 6.7750E+03 3.2235E+01
 6.8000E+03 3.2293E+01
 6.8250E+03 3.2351E+01
 6.8500E+03 3.2409E+01
 6.8750E+03 3.2467E+01
 6.9000E+03 3.2525E+01
 6.9250E+03 3.2584E+01
 6.9500E+03 3.2643E+01
 6.9750E+03 3.2702E+01
 7.0000E+03 3.2760E+01
 7.0250E+03 3.2819E+01
 7.0500E+03 3.2878E+01
 7.0750E+03 3.2938E+01
 7.1000E+03 3.2997E+01
 7.1250E+03 3.3055E+01
 7.1500E+03 3.3115E+01
 7.1750E+03 3.3175E+01
 7.2000E+03 3.3235E+01
 7.2250E+03 3.3293E+01
 7.2500E+03 3.3354E+01
 7.2750E+03 3.3414E+01
 7.3000E+03 3.3474E+01
 7.3250E+03 3.3534E+01
 7.3500E+03 3.3594E+01
 7.3750E+03 3.3655E+01
 7.4000E+03 3.3715E+01
 7.4250E+03 3.3776E+01
 7.4500E+03 3.3837E+01
 7.4750E+03 3.3897E+01
 7.5000E+03 3.3958E+01
 7.5250E+03 3.4019E+01
 7.5500E+03 3.4080E+01
 7.5750E+03 3.4141E+01
 7.6000E+03 3.4202E+01
 7.6250E+03 3.4264E+01
 7.6500E+03 3.4325E+01
 7.6750E+03 3.4387E+01
 7.7000E+03 3.4447E+01
 7.7250E+03 3.4509E+01
 7.7500E+03 3.4572E+01
 7.7750E+03 3.4634E+01
 7.8000E+03 3.4695E+01
 7.8250E+03 3.4757E+01
 7.8500E+03 3.4819E+01
 7.8750E+03 3.4882E+01
 7.9000E+03 3.4944E+01
 7.9250E+03 3.5005E+01
 7.9500E+03 3.5068E+01
 7.9750E+03 3.5131E+01
 8.0000E+03 3.5194E+01
 8.0250E+03 3.5257E+01
 8.0500E+03 3.5319E+01
 8.0750E+03 3.5382E+01
 8.1000E+03 3.5445E+01
 8.1250E+03 3.5509E+01
 8.1500E+03 3.5570E+01
 8.1750E+03 3.5634E+01
 8.2000E+03 3.5698E+01
 8.2250E+03 3.5762E+01
 8.2500E+03 3.5825E+01
 8.2750E+03 3.5888E+01
 8.3000E+03 3.5952E+01
 8.3250E+03 3.6016E+01
 8.3500E+03 3.6080E+01
 8.3750E+03 3.6142E+01
 8.4000E+03 3.6207E+01
 8.4250E+03 3.6271E+01
 8.4500E+03 3.6336E+01
 8.4750E+03 3.6400E+01
 8.5000E+03 3.6463E+01
 8.5250E+03 3.6528E+01
 8.5500E+03 3.6593E+01
 8.5750E+03 3.6657E+01
 8.6000E+03 3.6721E+01
 8.6250E+03 3.6786E+01
 8.6500E+03 3.6851E+01
 8.6750E+03 3.6916E+01
 8.7000E+03 3.6981E+01
 8.7250E+03 3.7045E+01
 8.7500E+03 3.7110E+01
 8.7750E+03 3.7176E+01
 8.8000E+03 3.7241E+01
 8.8250E+03 3.7305E+01
 8.8500E+03 3.7371E+01
 8.8750E+03 3.7437E+01
 8.9000E+03 3.7502E+01
 8.9250E+03 3.7568E+01
 8.9500E+03 3.7633E+01
 8.9750E+03 3.7699E+01
 9.0000E+03 3.7765E+01
 9.0250E+03 3.7830E+01
 9.0500E+03 3.7895E+01
 9.0750E+03 3.7962E+01
 9.1000E+03 3.8028E+01
 9.1250E+03 3.8094E+01
 9.1500E+03 3.8159E+01
 9.1750E+03 3.8226E+01
 9.2000E+03 3.8293E+01
 9.2250E+03 3.8359E+01
 9.2500E+03 3.8425E+01
 9.2750E+03 3.8491E+01
 9.3000E+03 3.8558E+01
 9.3250E+03 3.8625E+01
 9.3500E+03 3.8692E+01
 9.3750E+03 3.8758E+01
 9.4000E+03 3.8825E+01
 9.4250E+03 3.8892E+01
 9.4500E+03 3.8959E+01
 9.4750E+03 3.9025E+01
 9.5000E+03 3.9093E+01
 9.5250E+03 3.9160E+01
 9.5500E+03 3.9227E+01
 9.5750E+03 3.9293E+01
 9.6000E+03 3.9361E+01
 9.6250E+03 3.9429E+01
 9.6500E+03 3.9496E+01
 9.6750E+03 3.9564E+01
 9.7000E+03 3.9631E+01
 9.7250E+03 3.9699E+01
 9.7500E+03 3.9767E+01
 9.7750E+03 3.9834E+01
 9.8000E+03 3.9901E+01
 9.8250E+03 3.9970E+01
 9.8500E+03 4.0038E+01
 9.8750E+03 4.0106E+01
 9.9000E+03 4.0173E+01
 9.9250E+03 4.0241E+01
 9.9500E+03 4.0310E+01
 9.9750E+03 4.0378E+01
 1.0000E+04 4.0445E+01
 1.0025E+04 4.0514E+01
 1.0050E+04 4.0583E+01
 1.0075E+04 4.0651E+01
 1.0100E+04 4.0718E+01
 1.0125E+04 4.0788E+01
 1.0150E+04 4.0857E+01
 1.0175E+04 4.0925E+01
 1.0200E+04 4.0994E+01
 1.0225E+04 4.1062E+01
 1.0250E+04 4.1131E+01
 1.0275E+04 4.1200E+01
 1.0300E+04 4.1269E+01
 1.0325E+04 4.1337E+01
 1.0350E+04 4.1407E+01
 1.0375E+04 4.1476E+01
 1.0400E+04 4.1545E+01
 1.0425E+04 4.1613E+01
 1.0450E+04 4.1683E+01
 1.0475E+04 4.1753E+01
 1.0500E+04 4.1822E+01
 1.0525E+04 4.1890E+01
 1.0550E+04 4.1960E+01
 1.0575E+04 4.2030E+01
 1.0600E+04 4.2100E+01
 1.0625E+04 4.2168E+01
 1.0650E+04 4.2238E+01
 1.0675E+04 4.2308E+01
 1.0700E+04 4.2378E+01
 1.0725E+04 4.2447E+01
 1.0750E+04 4.2517E+01
 1.0775E+04 4.2587E+01
 1.0800E+04 4.2657E+01
 1.0825E+04 4.2726E+01
 1.0850E+04 4.2797E+01
 1.0875E+04 4.2867E+01
 1.0900E+04 4.2937E+01
 1.0925E+04 4.3006E+01
 1.0950E+04 4.3077E+01
 1.0975E+04 4.3148E+01
 1.1000E+04 4.3218E+01
