 7.5125E+03 6.1621E-01
 7.5250E+03 6.1552E-01
 7.5375E+03 6.1474E-01
 7.5500E+03 6.1395E-01
 7.5625E+03 6.1318E-01
 7.5750E+03 6.1239E-01
 7.5875E+03 6.1160E-01
 7.6000E+03 6.1083E-01
 7.6125E+03 6.1006E-01
 7.6250E+03 6.0924E-01
 7.6375E+03 6.0849E-01
 7.6500E+03 6.0772E-01
 7.6625E+03 6.0692E-01
 7.6750E+03 6.0614E-01
 7.6875E+03 6.0537E-01
 7.7000E+03 6.0460E-01
 7.7125E+03 6.0382E-01
 7.7250E+03 6.0301E-01
 7.7375E+03 6.0224E-01
 7.7500E+03 6.0151E-01
 7.7625E+03 6.0073E-01
 7.7750E+03 5.9995E-01
 7.7875E+03 5.9917E-01
 7.8000E+03 5.9838E-01
 7.8125E+03 5.9762E-01
 7.8250E+03 5.9684E-01
 7.8375E+03 5.9608E-01
 7.8500E+03 5.9531E-01
 7.8625E+03 5.9454E-01
 7.8750E+03 5.9380E-01
 7.8875E+03 5.9305E-01
 7.9000E+03 5.9223E-01
 7.9125E+03 5.9147E-01
 7.9250E+03 5.9073E-01
 7.9375E+03 5.8996E-01
 7.9500E+03 5.8917E-01
 7.9625E+03 5.8841E-01
 7.9750E+03 5.8767E-01
 7.9875E+03 5.8688E-01
 8.0000E+03 5.8614E-01
 8.0125E+03 5.8536E-01
 8.0250E+03 5.8464E-01
 8.0375E+03 5.8390E-01
 8.0500E+03 5.8313E-01
 8.0625E+03 5.8235E-01
 8.0750E+03 5.8162E-01
 8.0875E+03 5.8088E-01
 8.1000E+03 5.8011E-01
 8.1125E+03 5.7937E-01
 8.1250E+03 5.7865E-01
 8.1375E+03 5.7792E-01
 8.1500E+03 5.7716E-01
 8.1625E+03 5.7639E-01
 8.1750E+03 5.7562E-01
 8.1875E+03 5.7485E-01
 8.2000E+03 5.7411E-01
 8.2125E+03 5.7336E-01
 8.2250E+03 5.7264E-01
 8.2375E+03 5.7192E-01
 8.2500E+03 5.7111E-01
 8.2625E+03 5.7038E-01
 8.2750E+03 5.6966E-01
 8.2875E+03 5.6891E-01
 8.3000E+03 5.6818E-01
 8.3125E+03 5.6741E-01
 8.3250E+03 5.6669E-01
 8.3375E+03 5.6598E-01
 8.3500E+03 5.6522E-01
 8.3625E+03 5.6448E-01
 8.3750E+03 5.6373E-01
 8.3875E+03 5.6299E-01
 8.4000E+03 5.6226E-01
 8.4125E+03 5.6154E-01
 8.4250E+03 5.6082E-01
 8.4375E+03 5.6011E-01
 8.4500E+03 5.5940E-01
 8.4625E+03 5.5864E-01
 8.4750E+03 5.5789E-01
 8.4875E+03 5.5721E-01
 8.5000E+03 5.5648E-01
 8.5125E+03 5.5573E-01
 8.5250E+03 5.5500E-01
 8.5375E+03 5.5428E-01
 8.5500E+03 5.5356E-01
 8.5625E+03 5.5281E-01
 8.5750E+03 5.5204E-01
 8.5875E+03 5.5136E-01
 8.6000E+03 5.5064E-01
 8.6125E+03 5.4993E-01
 8.6250E+03 5.4921E-01
 8.6375E+03 5.4849E-01
 8.6500E+03 5.4779E-01
 8.6625E+03 5.4707E-01
 8.6750E+03 5.4636E-01
 8.6875E+03 5.4562E-01
 8.7000E+03 5.4491E-01
 8.7125E+03 5.4424E-01
 8.7250E+03 5.4353E-01
 8.7375E+03 5.4282E-01
 8.7500E+03 5.4216E-01
 8.7625E+03 5.4144E-01
 8.7750E+03 5.4073E-01
 8.7875E+03 5.3999E-01
 8.8000E+03 5.3930E-01
 8.8125E+03 5.3859E-01
 8.8250E+03 5.3791E-01
 8.8375E+03 5.3723E-01
 8.8500E+03 5.3653E-01
 8.8625E+03 5.3585E-01
 8.8750E+03 5.3512E-01
 8.8875E+03 5.3445E-01
 8.9000E+03 5.3374E-01
 8.9125E+03 5.3301E-01
 8.9250E+03 5.3232E-01
 8.9375E+03 5.3164E-01
 8.9500E+03 5.3097E-01
 8.9625E+03 5.3027E-01
 8.9750E+03 5.2960E-01
 8.9875E+03 5.2890E-01
 9.0000E+03 5.2822E-01
 9.0125E+03 5.2750E-01
 9.0250E+03 5.2681E-01
 9.0375E+03 5.2609E-01
 9.0500E+03 5.2543E-01
 9.0625E+03 5.2469E-01
 9.0750E+03 5.2405E-01
 9.0875E+03 5.2337E-01
 9.1000E+03 5.2271E-01
 9.1125E+03 5.2202E-01
 9.1250E+03 5.2136E-01
 9.1375E+03 5.2061E-01
 9.1500E+03 5.1991E-01
 9.1625E+03 5.1920E-01
 9.1750E+03 5.1851E-01
 9.1875E+03 5.1785E-01
 9.2000E+03 5.1718E-01
 9.2125E+03 5.1650E-01
 9.2250E+03 5.1587E-01
 9.2375E+03 5.1519E-01
 9.2500E+03 5.1455E-01
 9.2625E+03 5.1385E-01
 9.2750E+03 5.1316E-01
 9.2875E+03 5.1249E-01
 9.3000E+03 5.1176E-01
 9.3125E+03 5.1106E-01
 9.3250E+03 5.1041E-01
 9.3375E+03 5.0973E-01
 9.3500E+03 5.0902E-01
 9.3625E+03 5.0839E-01
 9.3750E+03 5.0769E-01
 9.3875E+03 5.0706E-01
 9.4000E+03 5.0637E-01
 9.4125E+03 5.0572E-01
 9.4250E+03 5.0501E-01
 9.4375E+03 5.0437E-01
 9.4500E+03 5.0370E-01
 9.4625E+03 5.0302E-01
 9.4750E+03 5.0235E-01
 9.4875E+03 5.0172E-01
 9.5000E+03 5.0103E-01
 9.5125E+03 5.0037E-01
 9.5250E+03 4.9969E-01
 9.5375E+03 4.9905E-01
 9.5500E+03 4.9843E-01
 9.5625E+03 4.9774E-01
 9.5750E+03 4.9706E-01
 9.5875E+03 4.9643E-01
 9.6000E+03 4.9583E-01
 9.6125E+03 4.9517E-01
 9.6250E+03 4.9446E-01
 9.6375E+03 4.9384E-01
 9.6500E+03 4.9321E-01
 9.6625E+03 4.9258E-01
 9.6750E+03 4.9191E-01
 9.6875E+03 4.9124E-01
 9.7000E+03 4.9060E-01
 9.7125E+03 4.9000E-01
 9.7250E+03 4.8936E-01
 9.7375E+03 4.8871E-01
 9.7500E+03 4.8806E-01
 9.7625E+03 4.8745E-01
 9.7750E+03 4.8679E-01
 9.7875E+03 4.8617E-01
 9.8000E+03 4.8550E-01
 9.8125E+03 4.8486E-01
 9.8250E+03 4.8422E-01
 9.8375E+03 4.8362E-01
 9.8500E+03 4.8298E-01
 9.8625E+03 4.8229E-01
 9.8750E+03 4.8168E-01
 9.8875E+03 4.8107E-01
 9.9000E+03 4.8043E-01
 9.9125E+03 4.7979E-01
 9.9250E+03 4.7916E-01
 9.9375E+03 4.7852E-01
 9.9500E+03 4.7791E-01
 9.9625E+03 4.7727E-01
 9.9750E+03 4.7662E-01
 9.9875E+03 4.7597E-01
 1.0000E+04 4.7537E-01
