 7.5125E+03 6.6812E-01
 7.5250E+03 6.6896E-01
 7.5375E+03 6.6978E-01
 7.5500E+03 6.7059E-01
 7.5625E+03 6.7140E-01
 7.5750E+03 6.7221E-01
 7.5875E+03 6.7302E-01
 7.6000E+03 6.7382E-01
 7.6125E+03 6.7462E-01
 7.6250E+03 6.7542E-01
 7.6375E+03 6.7622E-01
 7.6500E+03 6.7702E-01
 7.6625E+03 6.7783E-01
 7.6750E+03 6.7864E-01
 7.6875E+03 6.7941E-01
 7.7000E+03 6.8022E-01
 7.7125E+03 6.8101E-01
 7.7250E+03 6.8182E-01
 7.7375E+03 6.8259E-01
 7.7500E+03 6.8339E-01
 7.7625E+03 6.8419E-01
 7.7750E+03 6.8495E-01
 7.7875E+03 6.8579E-01
 7.8000E+03 6.8654E-01
 7.8125E+03 6.8734E-01
 7.8250E+03 6.8812E-01
 7.8375E+03 6.8889E-01
 7.8500E+03 6.8967E-01
 7.8625E+03 6.9045E-01
 7.8750E+03 6.9125E-01
 7.8875E+03 6.9205E-01
 7.9000E+03 6.9283E-01
 7.9125E+03 6.9361E-01
 7.9250E+03 6.9436E-01
 7.9375E+03 6.9517E-01
 7.9500E+03 6.9595E-01
 7.9625E+03 6.9670E-01
 7.9750E+03 6.9749E-01
 7.9875E+03 6.9824E-01
 8.0000E+03 6.9902E-01
 8.0125E+03 6.9978E-01
 8.0250E+03 7.0053E-01
 8.0375E+03 7.0129E-01
 8.0500E+03 7.0206E-01
 8.0625E+03 7.0283E-01
 8.0750E+03 7.0360E-01
 8.0875E+03 7.0435E-01
 8.1000E+03 7.0510E-01
 8.1125E+03 7.0584E-01
 8.1250E+03 7.0661E-01
 8.1375E+03 7.0737E-01
 8.1500E+03 7.0817E-01
 8.1625E+03 7.0894E-01
 8.1750E+03 7.0967E-01
 8.1875E+03 7.1043E-01
 8.2000E+03 7.1115E-01
 8.2125E+03 7.1189E-01
 8.2250E+03 7.1263E-01
 8.2375E+03 7.1343E-01
 8.2500E+03 7.1417E-01
 8.2625E+03 7.1489E-01
 8.2750E+03 7.1566E-01
 8.2875E+03 7.1639E-01
 8.3000E+03 7.1713E-01
 8.3125E+03 7.1785E-01
 8.3250E+03 7.1860E-01
 8.3375E+03 7.1937E-01
 8.3500E+03 7.2011E-01
 8.3625E+03 7.2083E-01
 8.3750E+03 7.2158E-01
 8.3875E+03 7.2232E-01
 8.4000E+03 7.2299E-01
 8.4125E+03 7.2373E-01
 8.4250E+03 7.2451E-01
 8.4375E+03 7.2521E-01
 8.4500E+03 7.2597E-01
 8.4625E+03 7.2669E-01
 8.4750E+03 7.2741E-01
 8.4875E+03 7.2819E-01
 8.5000E+03 7.2890E-01
 8.5125E+03 7.2963E-01
 8.5250E+03 7.3037E-01
 8.5375E+03 7.3107E-01
 8.5500E+03 7.3183E-01
 8.5625E+03 7.3255E-01
 8.5750E+03 7.3323E-01
 8.5875E+03 7.3395E-01
 8.6000E+03 7.3467E-01
 8.6125E+03 7.3538E-01
 8.6250E+03 7.3610E-01
 8.6375E+03 7.3681E-01
 8.6500E+03 7.3755E-01
 8.6625E+03 7.3824E-01
 8.6750E+03 7.3898E-01
 8.6875E+03 7.3965E-01
 8.7000E+03 7.4036E-01
 8.7125E+03 7.4107E-01
 8.7250E+03 7.4176E-01
 8.7375E+03 7.4244E-01
 8.7500E+03 7.4317E-01
 8.7625E+03 7.4392E-01
 8.7750E+03 7.4465E-01
 8.7875E+03 7.4533E-01
 8.8000E+03 7.4603E-01
 8.8125E+03 7.4673E-01
 8.8250E+03 7.4742E-01
 8.8375E+03 7.4813E-01
 8.8500E+03 7.4886E-01
 8.8625E+03 7.4956E-01
 8.8750E+03 7.5027E-01
 8.8875E+03 7.5097E-01
 8.9000E+03 7.5167E-01
 8.9125E+03 7.5239E-01
 8.9250E+03 7.5307E-01
 8.9375E+03 7.5375E-01
 8.9500E+03 7.5445E-01
 8.9625E+03 7.5514E-01
 8.9750E+03 7.5585E-01
 8.9875E+03 7.5657E-01
 9.0000E+03 7.5726E-01
 9.0125E+03 7.5799E-01
 9.0250E+03 7.5866E-01
 9.0375E+03 7.5937E-01
 9.0500E+03 7.6004E-01
 9.0625E+03 7.6072E-01
 9.0750E+03 7.6142E-01
 9.0875E+03 7.6211E-01
 9.1000E+03 7.6278E-01
 9.1125E+03 7.6348E-01
 9.1250E+03 7.6421E-01
 9.1375E+03 7.6492E-01
 9.1500E+03 7.6560E-01
 9.1625E+03 7.6624E-01
 9.1750E+03 7.6692E-01
 9.1875E+03 7.6759E-01
 9.2000E+03 7.6826E-01
 9.2125E+03 7.6892E-01
 9.2250E+03 7.6959E-01
 9.2375E+03 7.7031E-01
 9.2500E+03 7.7100E-01
 9.2625E+03 7.7168E-01
 9.2750E+03 7.7238E-01
 9.2875E+03 7.7308E-01
 9.3000E+03 7.7377E-01
 9.3125E+03 7.7443E-01
 9.3250E+03 7.7504E-01
 9.3375E+03 7.7576E-01
 9.3500E+03 7.7640E-01
 9.3625E+03 7.7707E-01
 9.3750E+03 7.7770E-01
 9.3875E+03 7.7837E-01
 9.4000E+03 7.7905E-01
 9.4125E+03 7.7973E-01
 9.4250E+03 7.8038E-01
 9.4375E+03 7.8103E-01
 9.4500E+03 7.8172E-01
 9.4625E+03 7.8236E-01
 9.4750E+03 7.8301E-01
 9.4875E+03 7.8367E-01
 9.5000E+03 7.8433E-01
 9.5125E+03 7.8497E-01
 9.5250E+03 7.8563E-01
 9.5375E+03 7.8623E-01
 9.5500E+03 7.8693E-01
 9.5625E+03 7.8759E-01
 9.5750E+03 7.8825E-01
 9.5875E+03 7.8886E-01
 9.6000E+03 7.8955E-01
 9.6125E+03 7.9021E-01
 9.6250E+03 7.9086E-01
 9.6375E+03 7.9148E-01
 9.6500E+03 7.9212E-01
 9.6625E+03 7.9279E-01
 9.6750E+03 7.9347E-01
 9.6875E+03 7.9409E-01
 9.7000E+03 7.9473E-01
 9.7125E+03 7.9539E-01
 9.7250E+03 7.9607E-01
 9.7375E+03 7.9668E-01
 9.7500E+03 7.9731E-01
 9.7625E+03 7.9797E-01
 9.7750E+03 7.9861E-01
 9.7875E+03 7.9930E-01
 9.8000E+03 7.9993E-01
 9.8125E+03 8.0053E-01
 9.8250E+03 8.0119E-01
 9.8375E+03 8.0185E-01
 9.8500E+03 8.0250E-01
 9.8625E+03 8.0314E-01
 9.8750E+03 8.0375E-01
 9.8875E+03 8.0440E-01
 9.9000E+03 8.0502E-01
 9.9125E+03 8.0569E-01
 9.9250E+03 8.0633E-01
 9.9375E+03 8.0697E-01
 9.9500E+03 8.0759E-01
 9.9625E+03 8.0824E-01
 9.9750E+03 8.0889E-01
 9.9875E+03 8.0950E-01
 1.0000E+04 8.1010E-01
