-1.6617E+02 1.4397E-16
-1.6534E+02 1.9564E-16
-1.6451E+02 2.6548E-16
-1.6367E+02 3.5966E-16
-1.6284E+02 4.8654E-16
-1.6200E+02 6.5710E-16
-1.6117E+02 8.8600E-16
-1.6034E+02 1.1931E-15
-1.5950E+02 1.6038E-15
-1.5867E+02 2.1530E-15
-1.5784E+02 2.8850E-15
-1.5700E+02 3.8613E-15
-1.5617E+02 5.1583E-15
-1.5533E+02 6.8814E-15
-1.5450E+02 9.1656E-15
-1.5367E+02 1.2190E-14
-1.5283E+02 1.6186E-14
-1.5200E+02 2.1460E-14
-1.5116E+02 2.8406E-14
-1.5033E+02 3.7545E-14
-1.4950E+02 4.9549E-14
-1.4866E+02 6.5275E-14
-1.4783E+02 8.5889E-14
-1.4699E+02 1.1282E-13
-1.4616E+02 1.4797E-13
-1.4533E+02 1.9376E-13
-1.4449E+02 2.5334E-13
-1.4366E+02 3.3071E-13
-1.4283E+02 4.3105E-13
-1.4199E+02 5.6106E-13
-1.4116E+02 7.2903E-13
-1.4032E+02 9.4573E-13
-1.3949E+02 1.2253E-12
-1.3866E+02 1.5847E-12
-1.3782E+02 2.0465E-12
-1.3699E+02 2.6388E-12
-1.3615E+02 3.3972E-12
-1.3532E+02 4.3672E-12
-1.3449E+02 5.6048E-12
-1.3365E+02 7.1829E-12
-1.3282E+02 9.1909E-12
-1.3198E+02 1.1741E-11
-1.3115E+02 1.4977E-11
-1.3032E+02 1.9074E-11
-1.2948E+02 2.4251E-11
-1.2865E+02 3.0794E-11
-1.2782E+02 3.9037E-11
-1.2698E+02 4.9411E-11
-1.2615E+02 6.2437E-11
-1.2531E+02 7.8796E-11
-1.2448E+02 9.9270E-11
-1.2365E+02 1.2488E-10
-1.2281E+02 1.5683E-10
-1.2198E+02 1.9668E-10
-1.2114E+02 2.4626E-10
-1.2031E+02 3.0790E-10
-1.1948E+02 3.8431E-10
-1.1864E+02 4.7899E-10
-1.1781E+02 5.9600E-10
-1.1697E+02 7.4055E-10
-1.1614E+02 9.1872E-10
-1.1531E+02 1.1379E-09
-1.1447E+02 1.4074E-09
-1.1364E+02 1.7379E-09
-1.1281E+02 2.1429E-09
-1.1197E+02 2.6379E-09
-1.1114E+02 3.2421E-09
-1.1030E+02 3.9786E-09
-1.0947E+02 4.8753E-09
-1.0864E+02 5.9645E-09
-1.0780E+02 7.2852E-09
-1.0697E+02 8.8857E-09
-1.0613E+02 1.0821E-08
-1.0530E+02 1.3158E-08
-1.0447E+02 1.5971E-08
-1.0363E+02 1.9362E-08
-1.0280E+02 2.3433E-08
-1.0196E+02 2.8317E-08
-1.0113E+02 3.4165E-08
-1.0030E+02 4.1159E-08
-9.9463E+01 4.9505E-08
-9.8629E+01 5.9447E-08
-9.7795E+01 7.1288E-08
-9.6961E+01 8.5350E-08
-9.6127E+01 1.0202E-07
-9.5293E+01 1.2177E-07
-9.4459E+01 1.4511E-07
-9.3626E+01 1.7265E-07
-9.2792E+01 2.0513E-07
-9.1958E+01 2.4334E-07
-9.1124E+01 2.8820E-07
-9.0290E+01 3.4079E-07
-8.9456E+01 4.0241E-07
-8.8622E+01 4.7435E-07
-8.7788E+01 5.5833E-07
-8.6954E+01 6.5624E-07
-8.6121E+01 7.7001E-07
-8.5287E+01 9.0219E-07
-8.4453E+01 1.0552E-06
-8.3619E+01 1.2326E-06
-8.2785E+01 1.4375E-06
-8.1951E+01 1.6740E-06
-8.1117E+01 1.9460E-06
-8.0283E+01 2.2592E-06
-7.9449E+01 2.6184E-06
-7.8616E+01 3.0296E-06
-7.7782E+01 3.5012E-06
-7.6948E+01 4.0386E-06
-7.6114E+01 4.6516E-06
-7.5280E+01 5.3504E-06
-7.4446E+01 6.1440E-06
-7.3612E+01 7.0443E-06
-7.2778E+01 8.0643E-06
-7.1944E+01 9.2185E-06
-7.1111E+01 1.0520E-05
-7.0277E+01 1.1988E-05
-6.9443E+01 1.3636E-05
-6.8609E+01 1.5491E-05
-6.7775E+01 1.7572E-05
-6.6941E+01 1.9898E-05
-6.6107E+01 2.2501E-05
-6.5273E+01 2.5400E-05
-6.4439E+01 2.8633E-05
-6.3606E+01 3.2225E-05
-6.2772E+01 3.6213E-05
-6.1938E+01 4.0634E-05
-6.1104E+01 4.5516E-05
-6.0270E+01 5.0918E-05
-5.9436E+01 5.6859E-05
-5.8602E+01 6.3407E-05
-5.7768E+01 7.0598E-05
-5.6934E+01 7.8481E-05
-5.6101E+01 8.7103E-05
-5.5267E+01 9.6531E-05
-5.4433E+01 1.0682E-04
-5.3599E+01 1.1801E-04
-5.2765E+01 1.3018E-04
-5.1931E+01 1.4338E-04
-5.1097E+01 1.5768E-04
-5.0263E+01 1.7312E-04
-4.9429E+01 1.8978E-04
-4.8596E+01 2.0775E-04
-4.7762E+01 2.2703E-04
-4.6928E+01 2.4775E-04
-4.6094E+01 2.6994E-04
-4.5260E+01 2.9367E-04
-4.4426E+01 3.1901E-04
-4.3592E+01 3.4597E-04
-4.2758E+01 3.7460E-04
-4.1924E+01 4.0500E-04
-4.1091E+01 4.3720E-04
-4.0257E+01 4.7122E-04
-3.9423E+01 5.0710E-04
-3.8589E+01 5.4490E-04
-3.7755E+01 5.8453E-04
-3.6921E+01 6.2610E-04
-3.6087E+01 6.6973E-04
-3.5253E+01 7.1518E-04
-3.4419E+01 7.6257E-04
-3.3586E+01 8.1176E-04
-3.2752E+01 8.6292E-04
-3.1918E+01 9.1581E-04
-3.1084E+01 9.7038E-04
-3.0250E+01 1.0267E-03
-2.9416E+01 1.0846E-03
-2.8582E+01 1.1440E-03
-2.7748E+01 1.2047E-03
-2.6914E+01 1.2669E-03
-2.6081E+01 1.3300E-03
-2.5247E+01 1.3942E-03
-2.4413E+01 1.4594E-03
-2.3579E+01 1.5249E-03
-2.2745E+01 1.5913E-03
-2.1911E+01 1.6576E-03
-2.1077E+01 1.7240E-03
-2.0243E+01 1.7903E-03
-1.9409E+01 1.8563E-03
-1.8576E+01 1.9217E-03
-1.7742E+01 1.9867E-03
-1.6908E+01 2.0508E-03
-1.6074E+01 2.1133E-03
-1.5240E+01 2.1747E-03
-1.4406E+01 2.2347E-03
-1.3572E+01 2.2924E-03
-1.2738E+01 2.3482E-03
-1.1904E+01 2.4016E-03
-1.1071E+01 2.4523E-03
-1.0237E+01 2.4998E-03
-9.4028E+00 2.5452E-03
-8.5689E+00 2.5870E-03
-7.7350E+00 2.6251E-03
-6.9011E+00 2.6598E-03
-6.0672E+00 2.6909E-03
-5.2333E+00 2.7180E-03
-4.3994E+00 2.7420E-03
-3.5655E+00 2.7607E-03
-2.7317E+00 2.7753E-03
-1.8978E+00 2.7864E-03
-1.0639E+00 2.7929E-03
-2.2998E-01 2.7952E-03
 6.0391E-01 2.7928E-03
 1.4378E+00 2.7864E-03
 2.2717E+00 2.7754E-03
 3.1056E+00 2.7606E-03
 3.9395E+00 2.7420E-03
 4.7734E+00 2.7181E-03
 5.6072E+00 2.6909E-03
 6.4411E+00 2.6597E-03
 7.2750E+00 2.6250E-03
 8.1089E+00 2.5870E-03
 8.9428E+00 2.5451E-03
 9.7767E+00 2.4997E-03
 1.0611E+01 2.4521E-03
 1.1444E+01 2.4016E-03
 1.2278E+01 2.3481E-03
 1.3112E+01 2.2923E-03
 1.3946E+01 2.2344E-03
 1.4780E+01 2.1747E-03
 1.5614E+01 2.1132E-03
 1.6448E+01 2.0505E-03
 1.7282E+01 1.9865E-03
 1.8116E+01 1.9217E-03
 1.8949E+01 1.8561E-03
 1.9783E+01 1.7902E-03
 2.0617E+01 1.7240E-03
 2.1451E+01 1.6577E-03
 2.2285E+01 1.5911E-03
 2.3119E+01 1.5248E-03
 2.3953E+01 1.4592E-03
 2.4787E+01 1.3941E-03
 2.5621E+01 1.3299E-03
 2.6454E+01 1.2667E-03
 2.7288E+01 1.2046E-03
 2.8122E+01 1.1439E-03
 2.8956E+01 1.0845E-03
 2.9790E+01 1.0265E-03
 3.0624E+01 9.7022E-04
 3.1458E+01 9.1565E-04
 3.2292E+01 8.6274E-04
 3.3126E+01 8.1171E-04
 3.3959E+01 7.6251E-04
 3.4793E+01 7.1506E-04
 3.5627E+01 6.6966E-04
 3.6461E+01 6.2606E-04
 3.7295E+01 5.8447E-04
 3.8129E+01 5.4485E-04
 3.8963E+01 5.0702E-04
 3.9797E+01 4.7114E-04
 4.0631E+01 4.3716E-04
 4.1464E+01 4.0491E-04
 4.2298E+01 3.7454E-04
 4.3132E+01 3.4590E-04
 4.3966E+01 3.1893E-04
 4.4800E+01 2.9363E-04
 4.5634E+01 2.6989E-04
 4.6468E+01 2.4772E-04
 4.7302E+01 2.2702E-04
 4.8136E+01 2.0772E-04
 4.8969E+01 1.8974E-04
 4.9803E+01 1.7307E-04
 5.0637E+01 1.5765E-04
 5.1471E+01 1.4337E-04
 5.2305E+01 1.3015E-04
 5.3139E+01 1.1799E-04
 5.3973E+01 1.0679E-04
 5.4807E+01 9.6514E-05
 5.5641E+01 8.7087E-05
 5.6474E+01 7.8467E-05
 5.7308E+01 7.0581E-05
 5.8142E+01 6.3395E-05
 5.8976E+01 5.6850E-05
 5.9810E+01 5.0909E-05
 6.0644E+01 4.5505E-05
 6.1478E+01 4.0626E-05
 6.2312E+01 3.6203E-05
 6.3146E+01 3.2218E-05
 6.3980E+01 2.8626E-05
 6.4813E+01 2.5397E-05
 6.5647E+01 2.2494E-05
 6.6481E+01 1.9893E-05
 6.7315E+01 1.7567E-05
 6.8149E+01 1.5488E-05
 6.8983E+01 1.3633E-05
 6.9817E+01 1.1983E-05
 7.0651E+01 1.0517E-05
 7.1484E+01 9.2161E-06
 7.2318E+01 8.0624E-06
 7.3152E+01 7.0422E-06
 7.3986E+01 6.1426E-06
 7.4820E+01 5.3492E-06
 7.5654E+01 4.6509E-06
 7.6488E+01 4.0378E-06
 7.7322E+01 3.5002E-06
 7.8156E+01 3.0293E-06
 7.8990E+01 2.6177E-06
 7.9823E+01 2.2583E-06
 8.0657E+01 1.9456E-06
 8.1491E+01 1.6734E-06
 8.2325E+01 1.4371E-06
 8.3159E+01 1.2323E-06
 8.3993E+01 1.0550E-06
 8.4827E+01 9.0184E-07
 8.5661E+01 7.6979E-07
 8.6495E+01 6.5602E-07
 8.7328E+01 5.5823E-07
 8.8162E+01 4.7420E-07
 8.8996E+01 4.0226E-07
 8.9830E+01 3.4070E-07
 9.0664E+01 2.8810E-07
 9.1498E+01 2.4325E-07
 9.2332E+01 2.0507E-07
 9.3166E+01 1.7262E-07
 9.4000E+01 1.4506E-07
 9.4833E+01 1.2174E-07
 9.5667E+01 1.0199E-07
 9.6501E+01 8.5324E-08
 9.7335E+01 7.1262E-08
 9.8169E+01 5.9428E-08
 9.9003E+01 4.9489E-08
 9.9837E+01 4.1142E-08
 1.0067E+02 3.4157E-08
 1.0150E+02 2.8305E-08
 1.0234E+02 2.3425E-08
 1.0317E+02 1.9356E-08
 1.0401E+02 1.5968E-08
 1.0484E+02 1.3153E-08
 1.0567E+02 1.0817E-08
 1.0651E+02 8.8829E-09
 1.0734E+02 7.2831E-09
 1.0818E+02 5.9619E-09
 1.0901E+02 4.8732E-09
 1.0984E+02 3.9769E-09
 1.1068E+02 3.2410E-09
 1.1151E+02 2.6365E-09
 1.1235E+02 2.1420E-09
 1.1318E+02 1.7372E-09
 1.1401E+02 1.4069E-09
 1.1485E+02 1.1377E-09
 1.1568E+02 9.1841E-10
 1.1651E+02 7.4034E-10
 1.1735E+02 5.9579E-10
 1.1818E+02 4.7882E-10
 1.1902E+02 3.8419E-10
 1.1985E+02 3.0777E-10
 1.2068E+02 2.4617E-10
 1.2152E+02 1.9661E-10
 1.2235E+02 1.5677E-10
 1.2319E+02 1.2483E-10
 1.2402E+02 9.9228E-11
 1.2485E+02 7.8765E-11
 1.2569E+02 6.2418E-11
 1.2652E+02 4.9389E-11
 1.2736E+02 3.9020E-11
 1.2819E+02 3.0780E-11
 1.2902E+02 2.4243E-11
 1.2986E+02 1.9064E-11
 1.3069E+02 1.4969E-11
 1.3152E+02 1.1736E-11
 1.3236E+02 9.1870E-12
 1.3319E+02 7.1796E-12
 1.3403E+02 5.6023E-12
 1.3486E+02 4.3650E-12
 1.3569E+02 3.3958E-12
 1.3653E+02 2.6376E-12
 1.3736E+02 2.0456E-12
 1.3820E+02 1.5839E-12
 1.3903E+02 1.2246E-12
 1.3986E+02 9.4544E-13
 1.4070E+02 7.2863E-13
 1.4153E+02 5.6079E-13
 1.4237E+02 4.3086E-13
 1.4320E+02 3.3057E-13
 1.4403E+02 2.5323E-13
 1.4487E+02 1.9366E-13
 1.4570E+02 1.4787E-13
 1.4653E+02 1.1276E-13
 1.4737E+02 8.5847E-14
 1.4820E+02 6.5254E-14
 1.4904E+02 4.9523E-14
 1.4987E+02 3.7529E-14
 1.5070E+02 2.8394E-14
 1.5154E+02 2.1449E-14
 1.5237E+02 1.6176E-14
 1.5321E+02 1.2183E-14
 1.5404E+02 9.1618E-15
 1.5487E+02 6.8782E-15
 1.5571E+02 5.1562E-15
 1.5654E+02 3.8584E-15
 1.5738E+02 2.8843E-15
 1.5821E+02 2.1516E-15
 1.5904E+02 1.6032E-15
 1.5988E+02 1.1925E-15
 1.6071E+02 8.8560E-16
 1.6154E+02 6.5664E-16
 1.6238E+02 4.8627E-16
 1.6321E+02 3.5945E-16
 1.6405E+02 2.6532E-16
 1.6488E+02 1.9554E-16
 1.6571E+02 1.4389E-16
 1.6655E+02 1.0571E-16
