-1.6617E+02 1.3804E-16
-1.6534E+02 1.8759E-16
-1.6451E+02 2.5454E-16
-1.6367E+02 3.4484E-16
-1.6284E+02 4.6648E-16
-1.6200E+02 6.3006E-16
-1.6117E+02 8.4961E-16
-1.6034E+02 1.1438E-15
-1.5950E+02 1.5378E-15
-1.5867E+02 2.0642E-15
-1.5784E+02 2.7664E-15
-1.5700E+02 3.7019E-15
-1.5617E+02 4.9461E-15
-1.5533E+02 6.5981E-15
-1.5450E+02 8.7889E-15
-1.5367E+02 1.1688E-14
-1.5283E+02 1.5518E-14
-1.5200E+02 2.0576E-14
-1.5116E+02 2.7238E-14
-1.5033E+02 3.6002E-14
-1.4950E+02 4.7500E-14
-1.4866E+02 6.2601E-14
-1.4783E+02 8.2351E-14
-1.4699E+02 1.0817E-13
-1.4616E+02 1.4187E-13
-1.4533E+02 1.8577E-13
-1.4449E+02 2.4290E-13
-1.4366E+02 3.1712E-13
-1.4283E+02 4.1332E-13
-1.4199E+02 5.3791E-13
-1.4116E+02 6.9893E-13
-1.4032E+02 9.0684E-13
-1.3949E+02 1.1747E-12
-1.3866E+02 1.5193E-12
-1.3782E+02 1.9625E-12
-1.3699E+02 2.5303E-12
-1.3615E+02 3.2577E-12
-1.3532E+02 4.1870E-12
-1.3449E+02 5.3742E-12
-1.3365E+02 6.8870E-12
-1.3282E+02 8.8123E-12
-1.3198E+02 1.1258E-11
-1.3115E+02 1.4358E-11
-1.3032E+02 1.8288E-11
-1.2948E+02 2.3255E-11
-1.2865E+02 2.9527E-11
-1.2782E+02 3.7426E-11
-1.2698E+02 4.7376E-11
-1.2615E+02 5.9877E-11
-1.2531E+02 7.5550E-11
-1.2448E+02 9.5184E-11
-1.2365E+02 1.1973E-10
-1.2281E+02 1.5036E-10
-1.2198E+02 1.8859E-10
-1.2114E+02 2.3611E-10
-1.2031E+02 2.9524E-10
-1.1948E+02 3.6852E-10
-1.1864E+02 4.5927E-10
-1.1781E+02 5.7143E-10
-1.1697E+02 7.1010E-10
-1.1614E+02 8.8088E-10
-1.1531E+02 1.0910E-09
-1.1447E+02 1.3494E-09
-1.1364E+02 1.6664E-09
-1.1281E+02 2.0546E-09
-1.1197E+02 2.5291E-09
-1.1114E+02 3.1079E-09
-1.1030E+02 3.8148E-09
-1.0947E+02 4.6747E-09
-1.0864E+02 5.7187E-09
-1.0780E+02 6.9859E-09
-1.0697E+02 8.5201E-09
-1.0613E+02 1.0375E-08
-1.0530E+02 1.2616E-08
-1.0447E+02 1.5317E-08
-1.0363E+02 1.8563E-08
-1.0280E+02 2.2467E-08
-1.0196E+02 2.7148E-08
-1.0113E+02 3.2759E-08
-1.0030E+02 3.9461E-08
-9.9463E+01 4.7464E-08
-9.8629E+01 5.7002E-08
-9.7795E+01 6.8348E-08
-9.6961E+01 8.1835E-08
-9.6127E+01 9.7819E-08
-9.5293E+01 1.1675E-07
-9.4459E+01 1.3914E-07
-9.3626E+01 1.6555E-07
-9.2792E+01 1.9670E-07
-9.1958E+01 2.3331E-07
-9.1124E+01 2.7633E-07
-9.0290E+01 3.2674E-07
-8.9456E+01 3.8582E-07
-8.8622E+01 4.5481E-07
-8.7788E+01 5.3538E-07
-8.6954E+01 6.2909E-07
-8.6121E+01 7.3843E-07
-8.5287E+01 8.6485E-07
-8.4453E+01 1.0119E-06
-8.3619E+01 1.1819E-06
-8.2785E+01 1.3783E-06
-8.1951E+01 1.6049E-06
-8.1117E+01 1.8659E-06
-8.0283E+01 2.1659E-06
-7.9449E+01 2.5100E-06
-7.8616E+01 2.9048E-06
-7.7782E+01 3.3568E-06
-7.6948E+01 3.8722E-06
-7.6114E+01 4.4602E-06
-7.5280E+01 5.1298E-06
-7.4446E+01 5.8908E-06
-7.3612E+01 6.7544E-06
-7.2778E+01 7.7322E-06
-7.1944E+01 8.8378E-06
-7.1111E+01 1.0086E-05
-7.0277E+01 1.1492E-05
-6.9443E+01 1.3076E-05
-6.8609E+01 1.4855E-05
-6.7775E+01 1.6848E-05
-6.6941E+01 1.9078E-05
-6.6107E+01 2.1573E-05
-6.5273E+01 2.4355E-05
-6.4439E+01 2.7451E-05
-6.3606E+01 3.0899E-05
-6.2772E+01 3.4719E-05
-6.1938E+01 3.8956E-05
-6.1104E+01 4.3640E-05
-6.0270E+01 4.8818E-05
-5.9436E+01 5.4528E-05
-5.8602E+01 6.0795E-05
-5.7768E+01 6.7685E-05
-5.6934E+01 7.5246E-05
-5.6101E+01 8.3517E-05
-5.5267E+01 9.2558E-05
-5.4433E+01 1.0241E-04
-5.3599E+01 1.1316E-04
-5.2765E+01 1.2482E-04
-5.1931E+01 1.3747E-04
-5.1097E+01 1.5119E-04
-5.0263E+01 1.6599E-04
-4.9429E+01 1.8198E-04
-4.8596E+01 1.9917E-04
-4.7762E+01 2.1770E-04
-4.6928E+01 2.3757E-04
-4.6094E+01 2.5883E-04
-4.5260E+01 2.8157E-04
-4.4426E+01 3.0584E-04
-4.3592E+01 3.3168E-04
-4.2758E+01 3.5916E-04
-4.1924E+01 3.8831E-04
-4.1091E+01 4.1917E-04
-4.0257E+01 4.5181E-04
-3.9423E+01 4.8619E-04
-3.8589E+01 5.2241E-04
-3.7755E+01 5.6046E-04
-3.6921E+01 6.0033E-04
-3.6087E+01 6.4199E-04
-3.5253E+01 6.8574E-04
-3.4419E+01 7.3112E-04
-3.3586E+01 7.7832E-04
-3.2752E+01 8.2734E-04
-3.1918E+01 8.7808E-04
-3.1084E+01 9.3037E-04
-3.0250E+01 9.8445E-04
-2.9416E+01 1.0400E-03
-2.8582E+01 1.0969E-03
-2.7748E+01 1.1551E-03
-2.6914E+01 1.2145E-03
-2.6081E+01 1.2751E-03
-2.5247E+01 1.3366E-03
-2.4413E+01 1.3991E-03
-2.3579E+01 1.4622E-03
-2.2745E+01 1.5257E-03
-2.1911E+01 1.5896E-03
-2.1077E+01 1.6534E-03
-2.0243E+01 1.7169E-03
-1.9409E+01 1.7800E-03
-1.8576E+01 1.8427E-03
-1.7742E+01 1.9048E-03
-1.6908E+01 1.9660E-03
-1.6074E+01 2.0261E-03
-1.5240E+01 2.0849E-03
-1.4406E+01 2.1421E-03
-1.3572E+01 2.1975E-03
-1.2738E+01 2.2508E-03
-1.1904E+01 2.3022E-03
-1.1071E+01 2.3507E-03
-1.0237E+01 2.3966E-03
-9.4028E+00 2.4398E-03
-8.5689E+00 2.4802E-03
-7.7350E+00 2.5168E-03
-6.9011E+00 2.5504E-03
-6.0672E+00 2.5802E-03
-5.2333E+00 2.6066E-03
-4.3994E+00 2.6285E-03
-3.5655E+00 2.6471E-03
-2.7317E+00 2.6615E-03
-1.8978E+00 2.6717E-03
-1.0639E+00 2.6782E-03
-2.2998E-01 2.6801E-03
 6.0391E-01 2.6782E-03
 1.4378E+00 2.6717E-03
 2.2717E+00 2.6615E-03
 3.1056E+00 2.6472E-03
 3.9395E+00 2.6282E-03
 4.7734E+00 2.6066E-03
 5.6072E+00 2.5801E-03
 6.4411E+00 2.5503E-03
 7.2750E+00 2.5167E-03
 8.1089E+00 2.4801E-03
 8.9428E+00 2.4396E-03
 9.7767E+00 2.3965E-03
 1.0611E+01 2.3506E-03
 1.1444E+01 2.3020E-03
 1.2278E+01 2.2509E-03
 1.3112E+01 2.1973E-03
 1.3946E+01 2.1419E-03
 1.4780E+01 2.0847E-03
 1.5614E+01 2.0259E-03
 1.6448E+01 1.9659E-03
 1.7282E+01 1.9046E-03
 1.8116E+01 1.8425E-03
 1.8949E+01 1.7801E-03
 1.9783E+01 1.7169E-03
 2.0617E+01 1.6534E-03
 2.1451E+01 1.5894E-03
 2.2285E+01 1.5255E-03
 2.3119E+01 1.4620E-03
 2.3953E+01 1.3990E-03
 2.4787E+01 1.3366E-03
 2.5621E+01 1.2750E-03
 2.6454E+01 1.2144E-03
 2.7288E+01 1.1549E-03
 2.8122E+01 1.0967E-03
 2.8956E+01 1.0398E-03
 2.9790E+01 9.8424E-04
 3.0624E+01 9.3027E-04
 3.1458E+01 8.7793E-04
 3.2292E+01 8.2714E-04
 3.3126E+01 7.7823E-04
 3.3959E+01 7.3099E-04
 3.4793E+01 6.8564E-04
 3.5627E+01 6.4198E-04
 3.6461E+01 6.0028E-04
 3.7295E+01 5.6037E-04
 3.8129E+01 5.2234E-04
 3.8963E+01 4.8613E-04
 3.9797E+01 4.5175E-04
 4.0631E+01 4.1910E-04
 4.1464E+01 3.8822E-04
 4.2298E+01 3.5911E-04
 4.3132E+01 3.3163E-04
 4.3966E+01 3.0582E-04
 4.4800E+01 2.8153E-04
 4.5634E+01 2.5880E-04
 4.6468E+01 2.3751E-04
 4.7302E+01 2.1766E-04
 4.8136E+01 1.9915E-04
 4.8969E+01 1.8193E-04
 4.9803E+01 1.6596E-04
 5.0637E+01 1.5115E-04
 5.1471E+01 1.3745E-04
 5.2305E+01 1.2479E-04
 5.3139E+01 1.1313E-04
 5.3973E+01 1.0240E-04
 5.4807E+01 9.2534E-05
 5.5641E+01 8.3503E-05
 5.6474E+01 7.5234E-05
 5.7308E+01 6.7666E-05
 5.8142E+01 6.0778E-05
 5.8976E+01 5.4511E-05
 5.9810E+01 4.8803E-05
 6.0644E+01 4.3629E-05
 6.1478E+01 3.8945E-05
 6.2312E+01 3.4713E-05
 6.3146E+01 3.0891E-05
 6.3980E+01 2.7447E-05
 6.4813E+01 2.4350E-05
 6.5647E+01 2.1568E-05
 6.6481E+01 1.9074E-05
 6.7315E+01 1.6843E-05
 6.8149E+01 1.4850E-05
 6.8983E+01 1.3072E-05
 6.9817E+01 1.1490E-05
 7.0651E+01 1.0084E-05
 7.1484E+01 8.8352E-06
 7.2318E+01 7.7298E-06
 7.3152E+01 6.7522E-06
 7.3986E+01 5.8894E-06
 7.4820E+01 5.1286E-06
 7.5654E+01 4.4591E-06
 7.6488E+01 3.8714E-06
 7.7322E+01 3.3555E-06
 7.8156E+01 2.9040E-06
 7.8990E+01 2.5095E-06
 7.9823E+01 2.1652E-06
 8.0657E+01 1.8654E-06
 8.1491E+01 1.6045E-06
 8.2325E+01 1.3778E-06
 8.3159E+01 1.1815E-06
 8.3993E+01 1.0116E-06
 8.4827E+01 8.6468E-07
 8.5661E+01 7.3794E-07
 8.6495E+01 6.2900E-07
 8.7328E+01 5.3520E-07
 8.8162E+01 4.5466E-07
 8.8996E+01 3.8569E-07
 8.9830E+01 3.2665E-07
 9.0664E+01 2.7624E-07
 9.1498E+01 2.3322E-07
 9.2332E+01 1.9663E-07
 9.3166E+01 1.6549E-07
 9.4000E+01 1.3909E-07
 9.4833E+01 1.1672E-07
 9.5667E+01 9.7789E-08
 9.6501E+01 8.1802E-08
 9.7335E+01 6.8319E-08
 9.8169E+01 5.6974E-08
 9.9003E+01 4.7448E-08
 9.9837E+01 3.9446E-08
 1.0067E+02 3.2745E-08
 1.0150E+02 2.7140E-08
 1.0234E+02 2.2458E-08
 1.0317E+02 1.8557E-08
 1.0401E+02 1.5308E-08
 1.0484E+02 1.2610E-08
 1.0567E+02 1.0371E-08
 1.0651E+02 8.5169E-09
 1.0734E+02 6.9825E-09
 1.0818E+02 5.7165E-09
 1.0901E+02 4.6723E-09
 1.0984E+02 3.8134E-09
 1.1068E+02 3.1071E-09
 1.1151E+02 2.5279E-09
 1.1235E+02 2.0535E-09
 1.1318E+02 1.6656E-09
 1.1401E+02 1.3489E-09
 1.1485E+02 1.0907E-09
 1.1568E+02 8.8054E-10
 1.1651E+02 7.0972E-10
 1.1735E+02 5.7125E-10
 1.1818E+02 4.5907E-10
 1.1902E+02 3.6833E-10
 1.1985E+02 2.9508E-10
 1.2068E+02 2.3603E-10
 1.2152E+02 1.8848E-10
 1.2235E+02 1.5032E-10
 1.2319E+02 1.1968E-10
 1.2402E+02 9.5141E-11
 1.2485E+02 7.5514E-11
 1.2569E+02 5.9838E-11
 1.2652E+02 4.7348E-11
 1.2736E+02 3.7412E-11
 1.2819E+02 2.9510E-11
 1.2902E+02 2.3246E-11
 1.2986E+02 1.8278E-11
 1.3069E+02 1.4352E-11
 1.3152E+02 1.1250E-11
 1.3236E+02 8.8076E-12
 1.3319E+02 6.8835E-12
 1.3403E+02 5.3711E-12
 1.3486E+02 4.1852E-12
 1.3569E+02 3.2558E-12
 1.3653E+02 2.5287E-12
 1.3736E+02 1.9612E-12
 1.3820E+02 1.5187E-12
 1.3903E+02 1.1742E-12
 1.3986E+02 9.0635E-13
 1.4070E+02 6.9866E-13
 1.4153E+02 5.3757E-13
 1.4237E+02 4.1312E-13
 1.4320E+02 3.1694E-13
 1.4403E+02 2.4275E-13
 1.4487E+02 1.8568E-13
 1.4570E+02 1.4178E-13
 1.4653E+02 1.0811E-13
 1.4737E+02 8.2308E-14
 1.4820E+02 6.2560E-14
 1.4904E+02 4.7477E-14
 1.4987E+02 3.5981E-14
 1.5070E+02 2.7223E-14
 1.5154E+02 2.0564E-14
 1.5237E+02 1.5510E-14
 1.5321E+02 1.1682E-14
 1.5404E+02 8.7841E-15
 1.5487E+02 6.5941E-15
 1.5571E+02 4.9436E-15
 1.5654E+02 3.6998E-15
 1.5738E+02 2.7647E-15
 1.5821E+02 2.0628E-15
 1.5904E+02 1.5369E-15
 1.5988E+02 1.1433E-15
 1.6071E+02 8.4903E-16
 1.6154E+02 6.2962E-16
 1.6238E+02 4.6620E-16
 1.6321E+02 3.4464E-16
 1.6405E+02 2.5435E-16
 1.6488E+02 1.8748E-16
 1.6571E+02 1.3794E-16
 1.6655E+02 1.0135E-16
