-1.6617E+02 1.3921E-16
-1.6534E+02 1.8917E-16
-1.6451E+02 2.5667E-16
-1.6367E+02 3.4776E-16
-1.6284E+02 4.7042E-16
-1.6200E+02 6.3540E-16
-1.6117E+02 8.5676E-16
-1.6034E+02 1.1536E-15
-1.5950E+02 1.5509E-15
-1.5867E+02 2.0817E-15
-1.5784E+02 2.7901E-15
-1.5700E+02 3.7337E-15
-1.5617E+02 4.9880E-15
-1.5533E+02 6.6541E-15
-1.5450E+02 8.8626E-15
-1.5367E+02 1.1786E-14
-1.5283E+02 1.5652E-14
-1.5200E+02 2.0751E-14
-1.5116E+02 2.7467E-14
-1.5033E+02 3.6302E-14
-1.4950E+02 4.7907E-14
-1.4866E+02 6.3124E-14
-1.4783E+02 8.3045E-14
-1.4699E+02 1.0909E-13
-1.4616E+02 1.4308E-13
-1.4533E+02 1.8734E-13
-1.4449E+02 2.4493E-13
-1.4366E+02 3.1978E-13
-1.4283E+02 4.1681E-13
-1.4199E+02 5.4248E-13
-1.4116E+02 7.0486E-13
-1.4032E+02 9.1454E-13
-1.3949E+02 1.1846E-12
-1.3866E+02 1.5324E-12
-1.3782E+02 1.9789E-12
-1.3699E+02 2.5515E-12
-1.3615E+02 3.2852E-12
-1.3532E+02 4.2226E-12
-1.3449E+02 5.4192E-12
-1.3365E+02 6.9451E-12
-1.3282E+02 8.8870E-12
-1.3198E+02 1.1352E-11
-1.3115E+02 1.4480E-11
-1.3032E+02 1.8442E-11
-1.2948E+02 2.3451E-11
-1.2865E+02 2.9776E-11
-1.2782E+02 3.7740E-11
-1.2698E+02 4.7771E-11
-1.2615E+02 6.0380E-11
-1.2531E+02 7.6180E-11
-1.2448E+02 9.5988E-11
-1.2365E+02 1.2075E-10
-1.2281E+02 1.5163E-10
-1.2198E+02 1.9020E-10
-1.2114E+02 2.3812E-10
-1.2031E+02 2.9771E-10
-1.1948E+02 3.7162E-10
-1.1864E+02 4.6314E-10
-1.1781E+02 5.7631E-10
-1.1697E+02 7.1607E-10
-1.1614E+02 8.8838E-10
-1.1531E+02 1.1004E-09
-1.1447E+02 1.3609E-09
-1.1364E+02 1.6804E-09
-1.1281E+02 2.0719E-09
-1.1197E+02 2.5504E-09
-1.1114E+02 3.1343E-09
-1.1030E+02 3.8472E-09
-1.0947E+02 4.7139E-09
-1.0864E+02 5.7668E-09
-1.0780E+02 7.0448E-09
-1.0697E+02 8.5918E-09
-1.0613E+02 1.0463E-08
-1.0530E+02 1.2722E-08
-1.0447E+02 1.5444E-08
-1.0363E+02 1.8721E-08
-1.0280E+02 2.2658E-08
-1.0196E+02 2.7377E-08
-1.0113E+02 3.3035E-08
-1.0030E+02 3.9796E-08
-9.9463E+01 4.7863E-08
-9.8629E+01 5.7482E-08
-9.7795E+01 6.8921E-08
-9.6961E+01 8.2525E-08
-9.6127E+01 9.8648E-08
-9.5293E+01 1.1774E-07
-9.4459E+01 1.4031E-07
-9.3626E+01 1.6695E-07
-9.2792E+01 1.9835E-07
-9.1958E+01 2.3527E-07
-9.1124E+01 2.7865E-07
-9.0290E+01 3.2951E-07
-8.9456E+01 3.8906E-07
-8.8622E+01 4.5865E-07
-8.7788E+01 5.3987E-07
-8.6954E+01 6.3443E-07
-8.6121E+01 7.4456E-07
-8.5287E+01 8.7225E-07
-8.4453E+01 1.0205E-06
-8.3619E+01 1.1918E-06
-8.2785E+01 1.3900E-06
-8.1951E+01 1.6185E-06
-8.1117E+01 1.8816E-06
-8.0283E+01 2.1841E-06
-7.9449E+01 2.5311E-06
-7.8616E+01 2.9296E-06
-7.7782E+01 3.3850E-06
-7.6948E+01 3.9048E-06
-7.6114E+01 4.4982E-06
-7.5280E+01 5.1738E-06
-7.4446E+01 5.9410E-06
-7.3612E+01 6.8114E-06
-7.2778E+01 7.7975E-06
-7.1944E+01 8.9127E-06
-7.1111E+01 1.0172E-05
-7.0277E+01 1.1590E-05
-6.9443E+01 1.3186E-05
-6.8609E+01 1.4978E-05
-6.7775E+01 1.6989E-05
-6.6941E+01 1.9241E-05
-6.6107E+01 2.1755E-05
-6.5273E+01 2.4559E-05
-6.4439E+01 2.7685E-05
-6.3606E+01 3.1161E-05
-6.2772E+01 3.5012E-05
-6.1938E+01 3.9288E-05
-6.1104E+01 4.4011E-05
-6.0270E+01 4.9228E-05
-5.9436E+01 5.4983E-05
-5.8602E+01 6.1305E-05
-5.7768E+01 6.8257E-05
-5.6934E+01 7.5882E-05
-5.6101E+01 8.4223E-05
-5.5267E+01 9.3334E-05
-5.4433E+01 1.0328E-04
-5.3599E+01 1.1411E-04
-5.2765E+01 1.2587E-04
-5.1931E+01 1.3863E-04
-5.1097E+01 1.5245E-04
-5.0263E+01 1.6739E-04
-4.9429E+01 1.8350E-04
-4.8596E+01 2.0086E-04
-4.7762E+01 2.1955E-04
-4.6928E+01 2.3955E-04
-4.6094E+01 2.6104E-04
-4.5260E+01 2.8396E-04
-4.4426E+01 3.0842E-04
-4.3592E+01 3.3448E-04
-4.2758E+01 3.6219E-04
-4.1924E+01 3.9158E-04
-4.1091E+01 4.2272E-04
-4.0257E+01 4.5563E-04
-3.9423E+01 4.9029E-04
-3.8589E+01 5.2687E-04
-3.7755E+01 5.6521E-04
-3.6921E+01 6.0541E-04
-3.6087E+01 6.4741E-04
-3.5253E+01 6.9154E-04
-3.4419E+01 7.3729E-04
-3.3586E+01 7.8489E-04
-3.2752E+01 8.3436E-04
-3.1918E+01 8.8538E-04
-3.1084E+01 9.3831E-04
-3.0250E+01 9.9269E-04
-2.9416E+01 1.0487E-03
-2.8582E+01 1.1061E-03
-2.7748E+01 1.1648E-03
-2.6914E+01 1.2249E-03
-2.6081E+01 1.2860E-03
-2.5247E+01 1.3480E-03
-2.4413E+01 1.4109E-03
-2.3579E+01 1.4745E-03
-2.2745E+01 1.5387E-03
-2.1911E+01 1.6031E-03
-2.1077E+01 1.6674E-03
-2.0243E+01 1.7314E-03
-1.9409E+01 1.7951E-03
-1.8576E+01 1.8582E-03
-1.7742E+01 1.9208E-03
-1.6908E+01 1.9826E-03
-1.6074E+01 2.0432E-03
-1.5240E+01 2.1025E-03
-1.4406E+01 2.1602E-03
-1.3572E+01 2.2160E-03
-1.2738E+01 2.2704E-03
-1.1904E+01 2.3219E-03
-1.1071E+01 2.3706E-03
-1.0237E+01 2.4168E-03
-9.4028E+00 2.4605E-03
-8.5689E+00 2.5014E-03
-7.7350E+00 2.5381E-03
-6.9011E+00 2.5722E-03
-6.0672E+00 2.6023E-03
-5.2333E+00 2.6285E-03
-4.3994E+00 2.6506E-03
-3.5655E+00 2.6695E-03
-2.7317E+00 2.6837E-03
-1.8978E+00 2.6943E-03
-1.0639E+00 2.7006E-03
-2.2998E-01 2.7027E-03
 6.0391E-01 2.7005E-03
 1.4378E+00 2.6942E-03
 2.2717E+00 2.6835E-03
 3.1056E+00 2.6694E-03
 3.9395E+00 2.6506E-03
 4.7734E+00 2.6285E-03
 5.6072E+00 2.6022E-03
 6.4411E+00 2.5721E-03
 7.2750E+00 2.5382E-03
 8.1089E+00 2.5014E-03
 8.9428E+00 2.4604E-03
 9.7767E+00 2.4168E-03
 1.0611E+01 2.3706E-03
 1.1444E+01 2.3216E-03
 1.2278E+01 2.2700E-03
 1.3112E+01 2.2160E-03
 1.3946E+01 2.1601E-03
 1.4780E+01 2.1023E-03
 1.5614E+01 2.0429E-03
 1.6448E+01 1.9825E-03
 1.7282E+01 1.9207E-03
 1.8116E+01 1.8581E-03
 1.8949E+01 1.7950E-03
 1.9783E+01 1.7312E-03
 2.0617E+01 1.6672E-03
 2.1451E+01 1.6028E-03
 2.2285E+01 1.5385E-03
 2.3119E+01 1.4744E-03
 2.3953E+01 1.4107E-03
 2.4787E+01 1.3479E-03
 2.5621E+01 1.2858E-03
 2.6454E+01 1.2248E-03
 2.7288E+01 1.1647E-03
 2.8122E+01 1.1059E-03
 2.8956E+01 1.0485E-03
 2.9790E+01 9.9255E-04
 3.0624E+01 9.3815E-04
 3.1458E+01 8.8530E-04
 3.2292E+01 8.3412E-04
 3.3126E+01 7.8475E-04
 3.3959E+01 7.3729E-04
 3.4793E+01 6.9142E-04
 3.5627E+01 6.4740E-04
 3.6461E+01 6.0536E-04
 3.7295E+01 5.6516E-04
 3.8129E+01 5.2678E-04
 3.8963E+01 4.9025E-04
 3.9797E+01 4.5556E-04
 4.0631E+01 4.2267E-04
 4.1464E+01 3.9153E-04
 4.2298E+01 3.6213E-04
 4.3132E+01 3.3445E-04
 4.3966E+01 3.0837E-04
 4.4800E+01 2.8391E-04
 4.5634E+01 2.6097E-04
 4.6468E+01 2.3951E-04
 4.7302E+01 2.1952E-04
 4.8136E+01 2.0083E-04
 4.8969E+01 1.8347E-04
 4.9803E+01 1.6735E-04
 5.0637E+01 1.5243E-04
 5.1471E+01 1.3861E-04
 5.2305E+01 1.2585E-04
 5.3139E+01 1.1409E-04
 5.3973E+01 1.0326E-04
 5.4807E+01 9.3314E-05
 5.5641E+01 8.4208E-05
 5.6474E+01 7.5860E-05
 5.7308E+01 6.8247E-05
 5.8142E+01 6.1293E-05
 5.8976E+01 5.4974E-05
 5.9810E+01 4.9216E-05
 6.0644E+01 4.3997E-05
 6.1478E+01 3.9276E-05
 6.2312E+01 3.5006E-05
 6.3146E+01 3.1151E-05
 6.3980E+01 2.7678E-05
 6.4813E+01 2.4553E-05
 6.5647E+01 2.1748E-05
 6.6481E+01 1.9235E-05
 6.7315E+01 1.6984E-05
 6.8149E+01 1.4974E-05
 6.8983E+01 1.3183E-05
 6.9817E+01 1.1587E-05
 7.0651E+01 1.0170E-05
 7.1484E+01 8.9095E-06
 7.2318E+01 7.7953E-06
 7.3152E+01 6.8099E-06
 7.3986E+01 5.9390E-06
 7.4820E+01 5.1720E-06
 7.5654E+01 4.4971E-06
 7.6488E+01 3.9043E-06
 7.7322E+01 3.3837E-06
 7.8156E+01 2.9288E-06
 7.8990E+01 2.5308E-06
 7.9823E+01 2.1834E-06
 8.0657E+01 1.8812E-06
 8.1491E+01 1.6179E-06
 8.2325E+01 1.3895E-06
 8.3159E+01 1.1914E-06
 8.3993E+01 1.0201E-06
 8.4827E+01 8.7210E-07
 8.5661E+01 7.4426E-07
 8.6495E+01 6.3432E-07
 8.7328E+01 5.3972E-07
 8.8162E+01 4.5850E-07
 8.8996E+01 3.8895E-07
 8.9830E+01 3.2938E-07
 9.0664E+01 2.7855E-07
 9.1498E+01 2.3520E-07
 9.2332E+01 1.9828E-07
 9.3166E+01 1.6691E-07
 9.4000E+01 1.4025E-07
 9.4833E+01 1.1770E-07
 9.5667E+01 9.8615E-08
 9.6501E+01 8.2489E-08
 9.7335E+01 6.8903E-08
 9.8169E+01 5.7459E-08
 9.9003E+01 4.7844E-08
 9.9837E+01 3.9780E-08
 1.0067E+02 3.3021E-08
 1.0150E+02 2.7369E-08
 1.0234E+02 2.2648E-08
 1.0317E+02 1.8713E-08
 1.0401E+02 1.5438E-08
 1.0484E+02 1.2715E-08
 1.0567E+02 1.0459E-08
 1.0651E+02 8.5887E-09
 1.0734E+02 7.0417E-09
 1.0818E+02 5.7646E-09
 1.0901E+02 4.7117E-09
 1.0984E+02 3.8451E-09
 1.1068E+02 3.1333E-09
 1.1151E+02 2.5492E-09
 1.1235E+02 2.0708E-09
 1.1318E+02 1.6798E-09
 1.1401E+02 1.3602E-09
 1.1485E+02 1.0999E-09
 1.1568E+02 8.8803E-10
 1.1651E+02 7.1574E-10
 1.1735E+02 5.7610E-10
 1.1818E+02 4.6296E-10
 1.1902E+02 3.7144E-10
 1.1985E+02 2.9757E-10
 1.2068E+02 2.3802E-10
 1.2152E+02 1.9008E-10
 1.2235E+02 1.5159E-10
 1.2319E+02 1.2069E-10
 1.2402E+02 9.5940E-11
 1.2485E+02 7.6154E-11
 1.2569E+02 6.0348E-11
 1.2652E+02 4.7751E-11
 1.2736E+02 3.7727E-11
 1.2819E+02 2.9760E-11
 1.2902E+02 2.3442E-11
 1.2986E+02 1.8433E-11
 1.3069E+02 1.4472E-11
 1.3152E+02 1.1346E-11
 1.3236E+02 8.8823E-12
 1.3319E+02 6.9418E-12
 1.3403E+02 5.4168E-12
 1.3486E+02 4.2205E-12
 1.3569E+02 3.2832E-12
 1.3653E+02 2.5500E-12
 1.3736E+02 1.9777E-12
 1.3820E+02 1.5315E-12
 1.3903E+02 1.1841E-12
 1.3986E+02 9.1409E-13
 1.4070E+02 7.0457E-13
 1.4153E+02 5.4218E-13
 1.4237E+02 4.1658E-13
 1.4320E+02 3.1962E-13
 1.4403E+02 2.4481E-13
 1.4487E+02 1.8727E-13
 1.4570E+02 1.4297E-13
 1.4653E+02 1.0902E-13
 1.4737E+02 8.3001E-14
 1.4820E+02 6.3087E-14
 1.4904E+02 4.7883E-14
 1.4987E+02 3.6288E-14
 1.5070E+02 2.7453E-14
 1.5154E+02 2.0738E-14
 1.5237E+02 1.5641E-14
 1.5321E+02 1.1781E-14
 1.5404E+02 8.8582E-15
 1.5487E+02 6.6499E-15
 1.5571E+02 4.9849E-15
 1.5654E+02 3.7307E-15
 1.5738E+02 2.7878E-15
 1.5821E+02 2.0803E-15
 1.5904E+02 1.5499E-15
 1.5988E+02 1.1530E-15
 1.6071E+02 8.5626E-16
 1.6154E+02 6.3496E-16
 1.6238E+02 4.7015E-16
 1.6321E+02 3.4755E-16
 1.6405E+02 2.5654E-16
 1.6488E+02 1.8906E-16
 1.6571E+02 1.3912E-16
 1.6655E+02 1.0221E-16
