-1.6617E+02 1.3690E-16
-1.6534E+02 1.8603E-16
-1.6451E+02 2.5244E-16
-1.6367E+02 3.4197E-16
-1.6284E+02 4.6259E-16
-1.6200E+02 6.2475E-16
-1.6117E+02 8.4259E-16
-1.6034E+02 1.1344E-15
-1.5950E+02 1.5249E-15
-1.5867E+02 2.0469E-15
-1.5784E+02 2.7434E-15
-1.5700E+02 3.6708E-15
-1.5617E+02 4.9047E-15
-1.5533E+02 6.5427E-15
-1.5450E+02 8.7152E-15
-1.5367E+02 1.1590E-14
-1.5283E+02 1.5390E-14
-1.5200E+02 2.0403E-14
-1.5116E+02 2.7010E-14
-1.5033E+02 3.5701E-14
-1.4950E+02 4.7099E-14
-1.4866E+02 6.2072E-14
-1.4783E+02 8.1664E-14
-1.4699E+02 1.0726E-13
-1.4616E+02 1.4068E-13
-1.4533E+02 1.8421E-13
-1.4449E+02 2.4088E-13
-1.4366E+02 3.1444E-13
-1.4283E+02 4.0985E-13
-1.4199E+02 5.3343E-13
-1.4116E+02 6.9312E-13
-1.4032E+02 8.9931E-13
-1.3949E+02 1.1649E-12
-1.3866E+02 1.5068E-12
-1.3782E+02 1.9460E-12
-1.3699E+02 2.5090E-12
-1.3615E+02 3.2301E-12
-1.3532E+02 4.1523E-12
-1.3449E+02 5.3291E-12
-1.3365E+02 6.8292E-12
-1.3282E+02 8.7381E-12
-1.3198E+02 1.1163E-11
-1.3115E+02 1.4238E-11
-1.3032E+02 1.8134E-11
-1.2948E+02 2.3060E-11
-1.2865E+02 2.9280E-11
-1.2782E+02 3.7112E-11
-1.2698E+02 4.6977E-11
-1.2615E+02 5.9370E-11
-1.2531E+02 7.4912E-11
-1.2448E+02 9.4392E-11
-1.2365E+02 1.1873E-10
-1.2281E+02 1.4912E-10
-1.2198E+02 1.8703E-10
-1.2114E+02 2.3415E-10
-1.2031E+02 2.9274E-10
-1.1948E+02 3.6541E-10
-1.1864E+02 4.5542E-10
-1.1781E+02 5.6671E-10
-1.1697E+02 7.0416E-10
-1.1614E+02 8.7351E-10
-1.1531E+02 1.0821E-09
-1.1447E+02 1.3383E-09
-1.1364E+02 1.6523E-09
-1.1281E+02 2.0374E-09
-1.1197E+02 2.5080E-09
-1.1114E+02 3.0821E-09
-1.1030E+02 3.7828E-09
-1.0947E+02 4.6350E-09
-1.0864E+02 5.6707E-09
-1.0780E+02 6.9271E-09
-1.0697E+02 8.4485E-09
-1.0613E+02 1.0289E-08
-1.0530E+02 1.2511E-08
-1.0447E+02 1.5188E-08
-1.0363E+02 1.8409E-08
-1.0280E+02 2.2280E-08
-1.0196E+02 2.6923E-08
-1.0113E+02 3.2484E-08
-1.0030E+02 3.9133E-08
-9.9463E+01 4.7067E-08
-9.8629E+01 5.6529E-08
-9.7795E+01 6.7781E-08
-9.6961E+01 8.1145E-08
-9.6127E+01 9.7007E-08
-9.5293E+01 1.1578E-07
-9.4459E+01 1.3797E-07
-9.3626E+01 1.6417E-07
-9.2792E+01 1.9505E-07
-9.1958E+01 2.3137E-07
-9.1124E+01 2.7399E-07
-9.0290E+01 3.2401E-07
-8.9456E+01 3.8256E-07
-8.8622E+01 4.5103E-07
-8.7788E+01 5.3091E-07
-8.6954E+01 6.2383E-07
-8.6121E+01 7.3212E-07
-8.5287E+01 8.5773E-07
-8.4453E+01 1.0034E-06
-8.3619E+01 1.1719E-06
-8.2785E+01 1.3668E-06
-8.1951E+01 1.5915E-06
-8.1117E+01 1.8503E-06
-8.0283E+01 2.1478E-06
-7.9449E+01 2.4890E-06
-7.8616E+01 2.8806E-06
-7.7782E+01 3.3288E-06
-7.6948E+01 3.8399E-06
-7.6114E+01 4.4235E-06
-7.5280E+01 5.0870E-06
-7.4446E+01 5.8413E-06
-7.3612E+01 6.6975E-06
-7.2778E+01 7.6673E-06
-7.1944E+01 8.7642E-06
-7.1111E+01 1.0002E-05
-7.0277E+01 1.1396E-05
-6.9443E+01 1.2965E-05
-6.8609E+01 1.4730E-05
-6.7775E+01 1.6706E-05
-6.6941E+01 1.8919E-05
-6.6107E+01 2.1392E-05
-6.5273E+01 2.4151E-05
-6.4439E+01 2.7223E-05
-6.3606E+01 3.0639E-05
-6.2772E+01 3.4431E-05
-6.1938E+01 3.8634E-05
-6.1104E+01 4.3274E-05
-6.0270E+01 4.8401E-05
-5.9436E+01 5.4061E-05
-5.8602E+01 6.0285E-05
-5.7768E+01 6.7126E-05
-5.6934E+01 7.4611E-05
-5.6101E+01 8.2823E-05
-5.5267E+01 9.1774E-05
-5.4433E+01 1.0156E-04
-5.3599E+01 1.1220E-04
-5.2765E+01 1.2377E-04
-5.1931E+01 1.3633E-04
-5.1097E+01 1.4992E-04
-5.0263E+01 1.6460E-04
-4.9429E+01 1.8045E-04
-4.8596E+01 1.9750E-04
-4.7762E+01 2.1585E-04
-4.6928E+01 2.3558E-04
-4.6094E+01 2.5668E-04
-4.5260E+01 2.7919E-04
-4.4426E+01 3.0327E-04
-4.3592E+01 3.2890E-04
-4.2758E+01 3.5616E-04
-4.1924E+01 3.8507E-04
-4.1091E+01 4.1567E-04
-4.0257E+01 4.4802E-04
-3.9423E+01 4.8213E-04
-3.8589E+01 5.1806E-04
-3.7755E+01 5.5578E-04
-3.6921E+01 5.9535E-04
-3.6087E+01 6.3662E-04
-3.5253E+01 6.7999E-04
-3.4419E+01 7.2498E-04
-3.3586E+01 7.7176E-04
-3.2752E+01 8.2039E-04
-3.1918E+01 8.7074E-04
-3.1084E+01 9.2276E-04
-3.0250E+01 9.7616E-04
-2.9416E+01 1.0312E-03
-2.8582E+01 1.0877E-03
-2.7748E+01 1.1455E-03
-2.6914E+01 1.2044E-03
-2.6081E+01 1.2646E-03
-2.5247E+01 1.3255E-03
-2.4413E+01 1.3874E-03
-2.3579E+01 1.4499E-03
-2.2745E+01 1.5129E-03
-2.1911E+01 1.5763E-03
-2.1077E+01 1.6396E-03
-2.0243E+01 1.7027E-03
-1.9409E+01 1.7653E-03
-1.8576E+01 1.8273E-03
-1.7742E+01 1.8889E-03
-1.6908E+01 1.9496E-03
-1.6074E+01 2.0092E-03
-1.5240E+01 2.0674E-03
-1.4406E+01 2.1240E-03
-1.3572E+01 2.1789E-03
-1.2738E+01 2.2320E-03
-1.1904E+01 2.2826E-03
-1.1071E+01 2.3308E-03
-1.0237E+01 2.3763E-03
-9.4028E+00 2.4191E-03
-8.5689E+00 2.4593E-03
-7.7350E+00 2.4956E-03
-6.9011E+00 2.5288E-03
-6.0672E+00 2.5585E-03
-5.2333E+00 2.5846E-03
-4.3994E+00 2.6062E-03
-3.5655E+00 2.6248E-03
-2.7317E+00 2.6393E-03
-1.8978E+00 2.6495E-03
-1.0639E+00 2.6555E-03
-2.2998E-01 2.6575E-03
 6.0391E-01 2.6555E-03
 1.4378E+00 2.6495E-03
 2.2717E+00 2.6393E-03
 3.1056E+00 2.6247E-03
 3.9395E+00 2.6061E-03
 4.7734E+00 2.5844E-03
 5.6072E+00 2.5586E-03
 6.4411E+00 2.5287E-03
 7.2750E+00 2.4958E-03
 8.1089E+00 2.4592E-03
 8.9428E+00 2.4191E-03
 9.7767E+00 2.3762E-03
 1.0611E+01 2.3308E-03
 1.1444E+01 2.2825E-03
 1.2278E+01 2.2318E-03
 1.3112E+01 2.1788E-03
 1.3946E+01 2.1239E-03
 1.4780E+01 2.0672E-03
 1.5614E+01 2.0089E-03
 1.6448E+01 1.9493E-03
 1.7282E+01 1.8886E-03
 1.8116E+01 1.8272E-03
 1.8949E+01 1.7651E-03
 1.9783E+01 1.7026E-03
 2.0617E+01 1.6395E-03
 2.1451E+01 1.5760E-03
 2.2285E+01 1.5127E-03
 2.3119E+01 1.4497E-03
 2.3953E+01 1.3872E-03
 2.4787E+01 1.3254E-03
 2.5621E+01 1.2643E-03
 2.6454E+01 1.2043E-03
 2.7288E+01 1.1453E-03
 2.8122E+01 1.0876E-03
 2.8956E+01 1.0311E-03
 2.9790E+01 9.7606E-04
 3.0624E+01 9.2255E-04
 3.1458E+01 8.7059E-04
 3.2292E+01 8.2025E-04
 3.3126E+01 7.7158E-04
 3.3959E+01 7.2480E-04
 3.4793E+01 6.7988E-04
 3.5627E+01 6.3662E-04
 3.6461E+01 5.9526E-04
 3.7295E+01 5.5573E-04
 3.8129E+01 5.1795E-04
 3.8963E+01 4.8206E-04
 3.9797E+01 4.4795E-04
 4.0631E+01 4.1560E-04
 4.1464E+01 3.8499E-04
 4.2298E+01 3.5608E-04
 4.3132E+01 3.2885E-04
 4.3966E+01 3.0322E-04
 4.4800E+01 2.7916E-04
 4.5634E+01 2.5663E-04
 4.6468E+01 2.3553E-04
 4.7302E+01 2.1585E-04
 4.8136E+01 1.9748E-04
 4.8969E+01 1.8040E-04
 4.9803E+01 1.6457E-04
 5.0637E+01 1.4989E-04
 5.1471E+01 1.3630E-04
 5.2305E+01 1.2374E-04
 5.3139E+01 1.1218E-04
 5.3973E+01 1.0153E-04
 5.4807E+01 9.1758E-05
 5.5641E+01 8.2795E-05
 5.6474E+01 7.4594E-05
 5.7308E+01 6.7107E-05
 5.8142E+01 6.0275E-05
 5.8976E+01 5.4059E-05
 5.9810E+01 4.8393E-05
 6.0644E+01 4.3264E-05
 6.1478E+01 3.8620E-05
 6.2312E+01 3.4420E-05
 6.3146E+01 3.0630E-05
 6.3980E+01 2.7216E-05
 6.4813E+01 2.4144E-05
 6.5647E+01 2.1384E-05
 6.6481E+01 1.8913E-05
 6.7315E+01 1.6702E-05
 6.8149E+01 1.4725E-05
 6.8983E+01 1.2963E-05
 6.9817E+01 1.1393E-05
 7.0651E+01 9.9993E-06
 7.1484E+01 8.7612E-06
 7.2318E+01 7.6652E-06
 7.3152E+01 6.6957E-06
 7.3986E+01 5.8402E-06
 7.4820E+01 5.0856E-06
 7.5654E+01 4.4215E-06
 7.6488E+01 3.8385E-06
 7.7322E+01 3.3273E-06
 7.8156E+01 2.8798E-06
 7.8990E+01 2.4886E-06
 7.9823E+01 2.1470E-06
 8.0657E+01 1.8498E-06
 8.1491E+01 1.5909E-06
 8.2325E+01 1.3663E-06
 8.3159E+01 1.1717E-06
 8.3993E+01 1.0031E-06
 8.4827E+01 8.5736E-07
 8.5661E+01 7.3188E-07
 8.6495E+01 6.2377E-07
 8.7328E+01 5.3070E-07
 8.8162E+01 4.5085E-07
 8.8996E+01 3.8242E-07
 8.9830E+01 3.2390E-07
 9.0664E+01 2.7393E-07
 9.1498E+01 2.3126E-07
 9.2332E+01 1.9498E-07
 9.3166E+01 1.6412E-07
 9.4000E+01 1.3793E-07
 9.4833E+01 1.1574E-07
 9.5667E+01 9.6967E-08
 9.6501E+01 8.1108E-08
 9.7335E+01 6.7751E-08
 9.8169E+01 5.6501E-08
 9.9003E+01 4.7042E-08
 9.9837E+01 3.9122E-08
 1.0067E+02 3.2471E-08
 1.0150E+02 2.6914E-08
 1.0234E+02 2.2271E-08
 1.0317E+02 1.8402E-08
 1.0401E+02 1.5181E-08
 1.0484E+02 1.2504E-08
 1.0567E+02 1.0285E-08
 1.0651E+02 8.4454E-09
 1.0734E+02 6.9242E-09
 1.0818E+02 5.6682E-09
 1.0901E+02 4.6330E-09
 1.0984E+02 3.7814E-09
 1.1068E+02 3.0812E-09
 1.1151E+02 2.5069E-09
 1.1235E+02 2.0364E-09
 1.1318E+02 1.6515E-09
 1.1401E+02 1.3375E-09
 1.1485E+02 1.0814E-09
 1.1568E+02 8.7311E-10
 1.1651E+02 7.0380E-10
 1.1735E+02 5.6647E-10
 1.1818E+02 4.5521E-10
 1.1902E+02 3.6521E-10
 1.1985E+02 2.9261E-10
 1.2068E+02 2.3402E-10
 1.2152E+02 1.8692E-10
 1.2235E+02 1.4907E-10
 1.2319E+02 1.1867E-10
 1.2402E+02 9.4342E-11
 1.2485E+02 7.4880E-11
 1.2569E+02 5.9341E-11
 1.2652E+02 4.6957E-11
 1.2736E+02 3.7100E-11
 1.2819E+02 2.9264E-11
 1.2902E+02 2.3048E-11
 1.2986E+02 1.8125E-11
 1.3069E+02 1.4232E-11
 1.3152E+02 1.1157E-11
 1.3236E+02 8.7336E-12
 1.3319E+02 6.8261E-12
 1.3403E+02 5.3263E-12
 1.3486E+02 4.1498E-12
 1.3569E+02 3.2285E-12
 1.3653E+02 2.5078E-12
 1.3736E+02 1.9447E-12
 1.3820E+02 1.5059E-12
 1.3903E+02 1.1643E-12
 1.3986E+02 8.9877E-13
 1.4070E+02 6.9279E-13
 1.4153E+02 5.3309E-13
 1.4237E+02 4.0964E-13
 1.4320E+02 3.1426E-13
 1.4403E+02 2.4074E-13
 1.4487E+02 1.8413E-13
 1.4570E+02 1.4059E-13
 1.4653E+02 1.0720E-13
 1.4737E+02 8.1611E-14
 1.4820E+02 6.2035E-14
 1.4904E+02 4.7082E-14
 1.4987E+02 3.5678E-14
 1.5070E+02 2.6994E-14
 1.5154E+02 2.0391E-14
 1.5237E+02 1.5379E-14
 1.5321E+02 1.1583E-14
 1.5404E+02 8.7101E-15
 1.5487E+02 6.5386E-15
 1.5571E+02 4.9015E-15
 1.5654E+02 3.6688E-15
 1.5738E+02 2.7414E-15
 1.5821E+02 2.0455E-15
 1.5904E+02 1.5240E-15
 1.5988E+02 1.1336E-15
 1.6071E+02 8.4192E-16
 1.6154E+02 6.2433E-16
 1.6238E+02 4.6227E-16
 1.6321E+02 3.4174E-16
 1.6405E+02 2.5224E-16
 1.6488E+02 1.8589E-16
 1.6571E+02 1.3678E-16
 1.6655E+02 1.0050E-16
