-1.6617E+02 1.4039E-16
-1.6534E+02 1.9078E-16
-1.6451E+02 2.5886E-16
-1.6367E+02 3.5069E-16
-1.6284E+02 4.7439E-16
-1.6200E+02 6.4085E-16
-1.6117E+02 8.6399E-16
-1.6034E+02 1.1633E-15
-1.5950E+02 1.5639E-15
-1.5867E+02 2.0994E-15
-1.5784E+02 2.8133E-15
-1.5700E+02 3.7648E-15
-1.5617E+02 5.0299E-15
-1.5533E+02 6.7106E-15
-1.5450E+02 8.9378E-15
-1.5367E+02 1.1886E-14
-1.5283E+02 1.5784E-14
-1.5200E+02 2.0924E-14
-1.5116E+02 2.7700E-14
-1.5033E+02 3.6610E-14
-1.4950E+02 4.8314E-14
-1.4866E+02 6.3651E-14
-1.4783E+02 8.3747E-14
-1.4699E+02 1.1001E-13
-1.4616E+02 1.4429E-13
-1.4533E+02 1.8892E-13
-1.4449E+02 2.4703E-13
-1.4366E+02 3.2249E-13
-1.4283E+02 4.2033E-13
-1.4199E+02 5.4704E-13
-1.4116E+02 7.1080E-13
-1.4032E+02 9.2224E-13
-1.3949E+02 1.1946E-12
-1.3866E+02 1.5453E-12
-1.3782E+02 1.9957E-12
-1.3699E+02 2.5730E-12
-1.3615E+02 3.3127E-12
-1.3532E+02 4.2584E-12
-1.3449E+02 5.4654E-12
-1.3365E+02 7.0036E-12
-1.3282E+02 8.9622E-12
-1.3198E+02 1.1449E-11
-1.3115E+02 1.4603E-11
-1.3032E+02 1.8600E-11
-1.2948E+02 2.3650E-11
-1.2865E+02 3.0027E-11
-1.2782E+02 3.8060E-11
-1.2698E+02 4.8171E-11
-1.2615E+02 6.0886E-11
-1.2531E+02 7.6827E-11
-1.2448E+02 9.6794E-11
-1.2365E+02 1.2176E-10
-1.2281E+02 1.5292E-10
-1.2198E+02 1.9181E-10
-1.2114E+02 2.4013E-10
-1.2031E+02 3.0021E-10
-1.1948E+02 3.7474E-10
-1.1864E+02 4.6706E-10
-1.1781E+02 5.8116E-10
-1.1697E+02 7.2207E-10
-1.1614E+02 8.9585E-10
-1.1531E+02 1.1097E-09
-1.1447E+02 1.3724E-09
-1.1364E+02 1.6945E-09
-1.1281E+02 2.0894E-09
-1.1197E+02 2.5720E-09
-1.1114E+02 3.1612E-09
-1.1030E+02 3.8792E-09
-1.0947E+02 4.7537E-09
-1.0864E+02 5.8154E-09
-1.0780E+02 7.1041E-09
-1.0697E+02 8.6640E-09
-1.0613E+02 1.0551E-08
-1.0530E+02 1.2829E-08
-1.0447E+02 1.5575E-08
-1.0363E+02 1.8879E-08
-1.0280E+02 2.2849E-08
-1.0196E+02 2.7609E-08
-1.0113E+02 3.3313E-08
-1.0030E+02 4.0130E-08
-9.9463E+01 4.8261E-08
-9.8629E+01 5.7964E-08
-9.7795E+01 6.9506E-08
-9.6961E+01 8.3227E-08
-9.6127E+01 9.9475E-08
-9.5293E+01 1.1873E-07
-9.4459E+01 1.4149E-07
-9.3626E+01 1.6836E-07
-9.2792E+01 2.0004E-07
-9.1958E+01 2.3727E-07
-9.1124E+01 2.8101E-07
-9.0290E+01 3.3230E-07
-8.9456E+01 3.9233E-07
-8.8622E+01 4.6254E-07
-8.7788E+01 5.4441E-07
-8.6954E+01 6.3976E-07
-8.6121E+01 7.5087E-07
-8.5287E+01 8.7977E-07
-8.4453E+01 1.0290E-06
-8.3619E+01 1.2020E-06
-8.2785E+01 1.4017E-06
-8.1951E+01 1.6322E-06
-8.1117E+01 1.8974E-06
-8.0283E+01 2.2026E-06
-7.9449E+01 2.5527E-06
-7.8616E+01 2.9543E-06
-7.7782E+01 3.4135E-06
-7.6948E+01 3.9380E-06
-7.6114E+01 4.5365E-06
-7.5280E+01 5.2164E-06
-7.4446E+01 5.9908E-06
-7.3612E+01 6.8692E-06
-7.2778E+01 7.8631E-06
-7.1944E+01 8.9883E-06
-7.1111E+01 1.0257E-05
-7.0277E+01 1.1688E-05
-6.9443E+01 1.3298E-05
-6.8609E+01 1.5105E-05
-6.7775E+01 1.7133E-05
-6.6941E+01 1.9402E-05
-6.6107E+01 2.1940E-05
-6.5273E+01 2.4769E-05
-6.4439E+01 2.7921E-05
-6.3606E+01 3.1424E-05
-6.2772E+01 3.5310E-05
-6.1938E+01 3.9622E-05
-6.1104E+01 4.4378E-05
-6.0270E+01 4.9645E-05
-5.9436E+01 5.5445E-05
-5.8602E+01 6.1831E-05
-5.7768E+01 6.8838E-05
-5.6934E+01 7.6522E-05
-5.6101E+01 8.4937E-05
-5.5267E+01 9.4127E-05
-5.4433E+01 1.0416E-04
-5.3599E+01 1.1507E-04
-5.2765E+01 1.2693E-04
-5.1931E+01 1.3980E-04
-5.1097E+01 1.5376E-04
-5.0263E+01 1.6880E-04
-4.9429E+01 1.8505E-04
-4.8596E+01 2.0256E-04
-4.7762E+01 2.2140E-04
-4.6928E+01 2.4157E-04
-4.6094E+01 2.6320E-04
-4.5260E+01 2.8634E-04
-4.4426E+01 3.1102E-04
-4.3592E+01 3.3732E-04
-4.2758E+01 3.6528E-04
-4.1924E+01 3.9492E-04
-4.1091E+01 4.2629E-04
-4.0257E+01 4.5945E-04
-3.9423E+01 4.9446E-04
-3.8589E+01 5.3132E-04
-3.7755E+01 5.6998E-04
-3.6921E+01 6.1050E-04
-3.6087E+01 6.5296E-04
-3.5253E+01 6.9728E-04
-3.4419E+01 7.4343E-04
-3.3586E+01 7.9148E-04
-3.2752E+01 8.4127E-04
-3.1918E+01 8.9283E-04
-3.1084E+01 9.4615E-04
-3.0250E+01 1.0011E-03
-2.9416E+01 1.0575E-03
-2.8582E+01 1.1154E-03
-2.7748E+01 1.1747E-03
-2.6914E+01 1.2351E-03
-2.6081E+01 1.2967E-03
-2.5247E+01 1.3595E-03
-2.4413E+01 1.4229E-03
-2.3579E+01 1.4869E-03
-2.2745E+01 1.5516E-03
-2.1911E+01 1.6167E-03
-2.1077E+01 1.6816E-03
-2.0243E+01 1.7460E-03
-1.9409E+01 1.8103E-03
-1.8576E+01 1.8738E-03
-1.7742E+01 1.9370E-03
-1.6908E+01 1.9994E-03
-1.6074E+01 2.0604E-03
-1.5240E+01 2.1203E-03
-1.4406E+01 2.1786E-03
-1.3572E+01 2.2350E-03
-1.2738E+01 2.2894E-03
-1.1904E+01 2.3414E-03
-1.1071E+01 2.3908E-03
-1.0237E+01 2.4372E-03
-9.4028E+00 2.4813E-03
-8.5689E+00 2.5225E-03
-7.7350E+00 2.5597E-03
-6.9011E+00 2.5940E-03
-6.0672E+00 2.6241E-03
-5.2333E+00 2.6506E-03
-4.3994E+00 2.6729E-03
-3.5655E+00 2.6916E-03
-2.7317E+00 2.7062E-03
-1.8978E+00 2.7167E-03
-1.0639E+00 2.7231E-03
-2.2998E-01 2.7253E-03
 6.0391E-01 2.7233E-03
 1.4378E+00 2.7166E-03
 2.2717E+00 2.7061E-03
 3.1056E+00 2.6916E-03
 3.9395E+00 2.6729E-03
 4.7734E+00 2.6506E-03
 5.6072E+00 2.6240E-03
 6.4411E+00 2.5938E-03
 7.2750E+00 2.5597E-03
 8.1089E+00 2.5226E-03
 8.9428E+00 2.4812E-03
 9.7767E+00 2.4373E-03
 1.0611E+01 2.3907E-03
 1.1444E+01 2.3414E-03
 1.2278E+01 2.2892E-03
 1.3112E+01 2.2348E-03
 1.3946E+01 2.1785E-03
 1.4780E+01 2.1201E-03
 1.5614E+01 2.0601E-03
 1.6448E+01 1.9992E-03
 1.7282E+01 1.9369E-03
 1.8116E+01 1.8736E-03
 1.8949E+01 1.8100E-03
 1.9783E+01 1.7458E-03
 2.0617E+01 1.6814E-03
 2.1451E+01 1.6164E-03
 2.2285E+01 1.5514E-03
 2.3119E+01 1.4868E-03
 2.3953E+01 1.4227E-03
 2.4787E+01 1.3593E-03
 2.5621E+01 1.2967E-03
 2.6454E+01 1.2351E-03
 2.7288E+01 1.1746E-03
 2.8122E+01 1.1153E-03
 2.8956E+01 1.0574E-03
 2.9790E+01 1.0010E-03
 3.0624E+01 9.4603E-04
 3.1458E+01 8.9274E-04
 3.2292E+01 8.4115E-04
 3.3126E+01 7.9143E-04
 3.3959E+01 7.4346E-04
 3.4793E+01 6.9724E-04
 3.5627E+01 6.5288E-04
 3.6461E+01 6.1050E-04
 3.7295E+01 5.6992E-04
 3.8129E+01 5.3122E-04
 3.8963E+01 4.9439E-04
 3.9797E+01 4.5940E-04
 4.0631E+01 4.2619E-04
 4.1464E+01 3.9485E-04
 4.2298E+01 3.6520E-04
 4.3132E+01 3.3725E-04
 4.3966E+01 3.1098E-04
 4.4800E+01 2.8629E-04
 4.5634E+01 2.6315E-04
 4.6468E+01 2.4156E-04
 4.7302E+01 2.2135E-04
 4.8136E+01 2.0253E-04
 4.8969E+01 1.8502E-04
 4.9803E+01 1.6876E-04
 5.0637E+01 1.5372E-04
 5.1471E+01 1.3978E-04
 5.2305E+01 1.2690E-04
 5.3139E+01 1.1505E-04
 5.3973E+01 1.0413E-04
 5.4807E+01 9.4109E-05
 5.5641E+01 8.4922E-05
 5.6474E+01 7.6506E-05
 5.7308E+01 6.8823E-05
 5.8142E+01 6.1816E-05
 5.8976E+01 5.5436E-05
 5.9810E+01 4.9638E-05
 6.0644E+01 4.4374E-05
 6.1478E+01 3.9608E-05
 6.2312E+01 3.5300E-05
 6.3146E+01 3.1414E-05
 6.3980E+01 2.7911E-05
 6.4813E+01 2.4761E-05
 6.5647E+01 2.1933E-05
 6.6481E+01 1.9398E-05
 6.7315E+01 1.7129E-05
 6.8149E+01 1.5102E-05
 6.8983E+01 1.3295E-05
 6.9817E+01 1.1688E-05
 7.0651E+01 1.0255E-05
 7.1484E+01 8.9857E-06
 7.2318E+01 7.8611E-06
 7.3152E+01 6.8671E-06
 7.3986E+01 5.9894E-06
 7.4820E+01 5.2157E-06
 7.5654E+01 4.5350E-06
 7.6488E+01 3.9371E-06
 7.7322E+01 3.4123E-06
 7.8156E+01 2.9533E-06
 7.8990E+01 2.5521E-06
 7.9823E+01 2.2019E-06
 8.0657E+01 1.8970E-06
 8.1491E+01 1.6316E-06
 8.2325E+01 1.4012E-06
 8.3159E+01 1.2016E-06
 8.3993E+01 1.0287E-06
 8.4827E+01 8.7947E-07
 8.5661E+01 7.5051E-07
 8.6495E+01 6.3967E-07
 8.7328E+01 5.4428E-07
 8.8162E+01 4.6237E-07
 8.8996E+01 3.9222E-07
 8.9830E+01 3.3220E-07
 9.0664E+01 2.8092E-07
 9.1498E+01 2.3720E-07
 9.2332E+01 1.9993E-07
 9.3166E+01 1.6830E-07
 9.4000E+01 1.4144E-07
 9.4833E+01 1.1870E-07
 9.5667E+01 9.9447E-08
 9.6501E+01 8.3193E-08
 9.7335E+01 6.9488E-08
 9.8169E+01 5.7950E-08
 9.9003E+01 4.8253E-08
 9.9837E+01 4.0117E-08
 1.0067E+02 3.3300E-08
 1.0150E+02 2.7601E-08
 1.0234E+02 2.2840E-08
 1.0317E+02 1.8872E-08
 1.0401E+02 1.5567E-08
 1.0484E+02 1.2823E-08
 1.0567E+02 1.0547E-08
 1.0651E+02 8.6610E-09
 1.0734E+02 7.1016E-09
 1.0818E+02 5.8132E-09
 1.0901E+02 4.7518E-09
 1.0984E+02 3.8780E-09
 1.1068E+02 3.1601E-09
 1.1151E+02 2.5709E-09
 1.1235E+02 2.0883E-09
 1.1318E+02 1.6939E-09
 1.1401E+02 1.3718E-09
 1.1485E+02 1.1091E-09
 1.1568E+02 8.9547E-10
 1.1651E+02 7.2180E-10
 1.1735E+02 5.8096E-10
 1.1818E+02 4.6686E-10
 1.1902E+02 3.7458E-10
 1.1985E+02 3.0007E-10
 1.2068E+02 2.4005E-10
 1.2152E+02 1.9168E-10
 1.2235E+02 1.5288E-10
 1.2319E+02 1.2171E-10
 1.2402E+02 9.6751E-11
 1.2485E+02 7.6795E-11
 1.2569E+02 6.0859E-11
 1.2652E+02 4.8157E-11
 1.2736E+02 3.8045E-11
 1.2819E+02 3.0010E-11
 1.2902E+02 2.3638E-11
 1.2986E+02 1.8589E-11
 1.3069E+02 1.4595E-11
 1.3152E+02 1.1441E-11
 1.3236E+02 8.9576E-12
 1.3319E+02 7.0007E-12
 1.3403E+02 5.4625E-12
 1.3486E+02 4.2562E-12
 1.3569E+02 3.3112E-12
 1.3653E+02 2.5716E-12
 1.3736E+02 1.9945E-12
 1.3820E+02 1.5445E-12
 1.3903E+02 1.1941E-12
 1.3986E+02 9.2186E-13
 1.4070E+02 7.1055E-13
 1.4153E+02 5.4677E-13
 1.4237E+02 4.2010E-13
 1.4320E+02 3.2232E-13
 1.4403E+02 2.4691E-13
 1.4487E+02 1.8885E-13
 1.4570E+02 1.4418E-13
 1.4653E+02 1.0994E-13
 1.4737E+02 8.3707E-14
 1.4820E+02 6.3624E-14
 1.4904E+02 4.8289E-14
 1.4987E+02 3.6593E-14
 1.5070E+02 2.7685E-14
 1.5154E+02 2.0915E-14
 1.5237E+02 1.5773E-14
 1.5321E+02 1.1879E-14
 1.5404E+02 8.9336E-15
 1.5487E+02 6.7065E-15
 1.5571E+02 5.0274E-15
 1.5654E+02 3.7627E-15
 1.5738E+02 2.8117E-15
 1.5821E+02 2.0980E-15
 1.5904E+02 1.5630E-15
 1.5988E+02 1.1627E-15
 1.6071E+02 8.6350E-16
 1.6154E+02 6.4029E-16
 1.6238E+02 4.7414E-16
 1.6321E+02 3.5048E-16
 1.6405E+02 2.5870E-16
 1.6488E+02 1.9064E-16
 1.6571E+02 1.4029E-16
 1.6655E+02 1.0308E-16
