-1.6617E+02 1.4641E-16
-1.6534E+02 1.9897E-16
-1.6451E+02 2.6997E-16
-1.6367E+02 3.6571E-16
-1.6284E+02 4.9476E-16
-1.6200E+02 6.6821E-16
-1.6117E+02 9.0102E-16
-1.6034E+02 1.2133E-15
-1.5950E+02 1.6311E-15
-1.5867E+02 2.1895E-15
-1.5784E+02 2.9344E-15
-1.5700E+02 3.9263E-15
-1.5617E+02 5.2464E-15
-1.5533E+02 6.9978E-15
-1.5450E+02 9.3206E-15
-1.5367E+02 1.2395E-14
-1.5283E+02 1.6461E-14
-1.5200E+02 2.1824E-14
-1.5116E+02 2.8889E-14
-1.5033E+02 3.8180E-14
-1.4950E+02 5.0384E-14
-1.4866E+02 6.6390E-14
-1.4783E+02 8.7343E-14
-1.4699E+02 1.1473E-13
-1.4616E+02 1.5048E-13
-1.4533E+02 1.9705E-13
-1.4449E+02 2.5761E-13
-1.4366E+02 3.3634E-13
-1.4283E+02 4.3839E-13
-1.4199E+02 5.7051E-13
-1.4116E+02 7.4139E-13
-1.4032E+02 9.6187E-13
-1.3949E+02 1.2460E-12
-1.3866E+02 1.6116E-12
-1.3782E+02 2.0813E-12
-1.3699E+02 2.6834E-12
-1.3615E+02 3.4551E-12
-1.3532E+02 4.4412E-12
-1.3449E+02 5.6999E-12
-1.3365E+02 7.3046E-12
-1.3282E+02 9.3462E-12
-1.3198E+02 1.1938E-11
-1.3115E+02 1.5230E-11
-1.3032E+02 1.9396E-11
-1.2948E+02 2.4665E-11
-1.2865E+02 3.1316E-11
-1.2782E+02 3.9700E-11
-1.2698E+02 5.0248E-11
-1.2615E+02 6.3506E-11
-1.2531E+02 8.0129E-11
-1.2448E+02 1.0096E-10
-1.2365E+02 1.2700E-10
-1.2281E+02 1.5951E-10
-1.2198E+02 2.0002E-10
-1.2114E+02 2.5045E-10
-1.2031E+02 3.1311E-10
-1.1948E+02 3.9083E-10
-1.1864E+02 4.8712E-10
-1.1781E+02 6.0618E-10
-1.1697E+02 7.5315E-10
-1.1614E+02 9.3441E-10
-1.1531E+02 1.1573E-09
-1.1447E+02 1.4313E-09
-1.1364E+02 1.7675E-09
-1.1281E+02 2.1790E-09
-1.1197E+02 2.6824E-09
-1.1114E+02 3.2969E-09
-1.1030E+02 4.0461E-09
-1.0947E+02 4.9578E-09
-1.0864E+02 6.0654E-09
-1.0780E+02 7.4093E-09
-1.0697E+02 9.0368E-09
-1.0613E+02 1.1005E-08
-1.0530E+02 1.3380E-08
-1.0447E+02 1.6245E-08
-1.0363E+02 1.9691E-08
-1.0280E+02 2.3829E-08
-1.0196E+02 2.8797E-08
-1.0113E+02 3.4743E-08
-1.0030E+02 4.1855E-08
-9.9463E+01 5.0345E-08
-9.8629E+01 6.0458E-08
-9.7795E+01 7.2499E-08
-9.6961E+01 8.6798E-08
-9.6127E+01 1.0375E-07
-9.5293E+01 1.2383E-07
-9.4459E+01 1.4758E-07
-9.3626E+01 1.7558E-07
-9.2792E+01 2.0862E-07
-9.1958E+01 2.4747E-07
-9.1124E+01 2.9310E-07
-9.0290E+01 3.4656E-07
-8.9456E+01 4.0920E-07
-8.8622E+01 4.8239E-07
-8.7788E+01 5.6777E-07
-8.6954E+01 6.6741E-07
-8.6121E+01 7.8302E-07
-8.5287E+01 9.1753E-07
-8.4453E+01 1.0733E-06
-8.3619E+01 1.2535E-06
-8.2785E+01 1.4619E-06
-8.1951E+01 1.7023E-06
-8.1117E+01 1.9789E-06
-8.0283E+01 2.2976E-06
-7.9449E+01 2.6627E-06
-7.8616E+01 3.0813E-06
-7.7782E+01 3.5600E-06
-7.6948E+01 4.1069E-06
-7.6114E+01 4.7310E-06
-7.5280E+01 5.4410E-06
-7.4446E+01 6.2479E-06
-7.3612E+01 7.1641E-06
-7.2778E+01 8.2016E-06
-7.1944E+01 9.3745E-06
-7.1111E+01 1.0699E-05
-7.0277E+01 1.2190E-05
-6.9443E+01 1.3870E-05
-6.8609E+01 1.5755E-05
-6.7775E+01 1.7868E-05
-6.6941E+01 2.0237E-05
-6.6107E+01 2.2882E-05
-6.5273E+01 2.5832E-05
-6.4439E+01 2.9121E-05
-6.3606E+01 3.2773E-05
-6.2772E+01 3.6827E-05
-6.1938E+01 4.1316E-05
-6.1104E+01 4.6290E-05
-6.0270E+01 5.1777E-05
-5.9436E+01 5.7829E-05
-5.8602E+01 6.4483E-05
-5.7768E+01 7.1794E-05
-5.6934E+01 7.9815E-05
-5.6101E+01 8.8583E-05
-5.5267E+01 9.8175E-05
-5.4433E+01 1.0862E-04
-5.3599E+01 1.2001E-04
-5.2765E+01 1.3239E-04
-5.1931E+01 1.4581E-04
-5.1097E+01 1.6035E-04
-5.0263E+01 1.7605E-04
-4.9429E+01 1.9302E-04
-4.8596E+01 2.1129E-04
-4.7762E+01 2.3093E-04
-4.6928E+01 2.5199E-04
-4.6094E+01 2.7454E-04
-4.5260E+01 2.9865E-04
-4.4426E+01 3.2440E-04
-4.3592E+01 3.5181E-04
-4.2758E+01 3.8095E-04
-4.1924E+01 4.1189E-04
-4.1091E+01 4.4462E-04
-4.0257E+01 4.7920E-04
-3.9423E+01 5.1570E-04
-3.8589E+01 5.5409E-04
-3.7755E+01 5.9443E-04
-3.6921E+01 6.3672E-04
-3.6087E+01 6.8111E-04
-3.5253E+01 7.2735E-04
-3.4419E+01 7.7546E-04
-3.3586E+01 8.2558E-04
-3.2752E+01 8.7751E-04
-3.1918E+01 9.3126E-04
-3.1084E+01 9.8683E-04
-3.0250E+01 1.0441E-03
-2.9416E+01 1.1030E-03
-2.8582E+01 1.1634E-03
-2.7748E+01 1.2252E-03
-2.6914E+01 1.2883E-03
-2.6081E+01 1.3526E-03
-2.5247E+01 1.4179E-03
-2.4413E+01 1.4841E-03
-2.3579E+01 1.5510E-03
-2.2745E+01 1.6183E-03
-2.1911E+01 1.6856E-03
-2.1077E+01 1.7532E-03
-2.0243E+01 1.8205E-03
-1.9409E+01 1.8878E-03
-1.8576E+01 1.9546E-03
-1.7742E+01 2.0205E-03
-1.6908E+01 2.0855E-03
-1.6074E+01 2.1493E-03
-1.5240E+01 2.2117E-03
-1.4406E+01 2.2727E-03
-1.3572E+01 2.3314E-03
-1.2738E+01 2.3883E-03
-1.1904E+01 2.4424E-03
-1.1071E+01 2.4938E-03
-1.0237E+01 2.5423E-03
-9.4028E+00 2.5885E-03
-8.5689E+00 2.6304E-03
-7.7350E+00 2.6696E-03
-6.9011E+00 2.7048E-03
-6.0672E+00 2.7367E-03
-5.2333E+00 2.7642E-03
-4.3994E+00 2.7885E-03
-3.5655E+00 2.8076E-03
-2.7317E+00 2.8229E-03
-1.8978E+00 2.8343E-03
-1.0639E+00 2.8408E-03
-2.2998E-01 2.8430E-03
 6.0391E-01 2.8408E-03
 1.4378E+00 2.8342E-03
 2.2717E+00 2.8229E-03
 3.1056E+00 2.8075E-03
 3.9395E+00 2.7886E-03
 4.7734E+00 2.7641E-03
 5.6072E+00 2.7365E-03
 6.4411E+00 2.7048E-03
 7.2750E+00 2.6693E-03
 8.1089E+00 2.6304E-03
 8.9428E+00 2.5884E-03
 9.7767E+00 2.5423E-03
 1.0611E+01 2.4939E-03
 1.1444E+01 2.4423E-03
 1.2278E+01 2.3882E-03
 1.3112E+01 2.3314E-03
 1.3946E+01 2.2726E-03
 1.4780E+01 2.2117E-03
 1.5614E+01 2.1492E-03
 1.6448E+01 2.0856E-03
 1.7282E+01 2.0204E-03
 1.8116E+01 1.9544E-03
 1.8949E+01 1.8876E-03
 1.9783E+01 1.8205E-03
 2.0617E+01 1.7531E-03
 2.1451E+01 1.6857E-03
 2.2285E+01 1.6182E-03
 2.3119E+01 1.5509E-03
 2.3953E+01 1.4839E-03
 2.4787E+01 1.4178E-03
 2.5621E+01 1.3525E-03
 2.6454E+01 1.2882E-03
 2.7288E+01 1.2250E-03
 2.8122E+01 1.1633E-03
 2.8956E+01 1.1028E-03
 2.9790E+01 1.0440E-03
 3.0624E+01 9.8673E-04
 3.1458E+01 9.3123E-04
 3.2292E+01 8.7738E-04
 3.3126E+01 8.2551E-04
 3.3959E+01 7.7542E-04
 3.4793E+01 7.2725E-04
 3.5627E+01 6.8107E-04
 3.6461E+01 6.3666E-04
 3.7295E+01 5.9442E-04
 3.8129E+01 5.5407E-04
 3.8963E+01 5.1563E-04
 3.9797E+01 4.7917E-04
 4.0631E+01 4.4456E-04
 4.1464E+01 4.1181E-04
 4.2298E+01 3.8090E-04
 4.3132E+01 3.5177E-04
 4.3966E+01 3.2435E-04
 4.4800E+01 2.9860E-04
 4.5634E+01 2.7449E-04
 4.6468E+01 2.5195E-04
 4.7302E+01 2.3087E-04
 4.8136E+01 2.1124E-04
 4.8969E+01 1.9300E-04
 4.9803E+01 1.7603E-04
 5.0637E+01 1.6032E-04
 5.1471E+01 1.4580E-04
 5.2305E+01 1.3237E-04
 5.3139E+01 1.1999E-04
 5.3973E+01 1.0861E-04
 5.4807E+01 9.8157E-05
 5.5641E+01 8.8575E-05
 5.6474E+01 7.9795E-05
 5.7308E+01 7.1781E-05
 5.8142E+01 6.4469E-05
 5.8976E+01 5.7815E-05
 5.9810E+01 5.1768E-05
 6.0644E+01 4.6281E-05
 6.1478E+01 4.1314E-05
 6.2312E+01 3.6819E-05
 6.3146E+01 3.2765E-05
 6.3980E+01 2.9114E-05
 6.4813E+01 2.5827E-05
 6.5647E+01 2.2876E-05
 6.6481E+01 2.0232E-05
 6.7315E+01 1.7866E-05
 6.8149E+01 1.5751E-05
 6.8983E+01 1.3867E-05
 6.9817E+01 1.2187E-05
 7.0651E+01 1.0696E-05
 7.1484E+01 9.3730E-06
 7.2318E+01 8.1993E-06
 7.3152E+01 7.1623E-06
 7.3986E+01 6.2467E-06
 7.4820E+01 5.4401E-06
 7.5654E+01 4.7299E-06
 7.6488E+01 4.1062E-06
 7.7322E+01 3.5594E-06
 7.8156E+01 3.0805E-06
 7.8990E+01 2.6623E-06
 7.9823E+01 2.2967E-06
 8.0657E+01 1.9785E-06
 8.1491E+01 1.7020E-06
 8.2325E+01 1.4616E-06
 8.3159E+01 1.2532E-06
 8.3993E+01 1.0730E-06
 8.4827E+01 9.1735E-07
 8.5661E+01 7.8292E-07
 8.6495E+01 6.6720E-07
 8.7328E+01 5.6767E-07
 8.8162E+01 4.8231E-07
 8.8996E+01 4.0911E-07
 8.9830E+01 3.4648E-07
 9.0664E+01 2.9301E-07
 9.1498E+01 2.4737E-07
 9.2332E+01 2.0856E-07
 9.3166E+01 1.7554E-07
 9.4000E+01 1.4751E-07
 9.4833E+01 1.2380E-07
 9.5667E+01 1.0373E-07
 9.6501E+01 8.6767E-08
 9.7335E+01 7.2473E-08
 9.8169E+01 6.0449E-08
 9.9003E+01 5.0325E-08
 9.9837E+01 4.1842E-08
 1.0067E+02 3.4735E-08
 1.0150E+02 2.8789E-08
 1.0234E+02 2.3821E-08
 1.0317E+02 1.9685E-08
 1.0401E+02 1.6238E-08
 1.0484E+02 1.3375E-08
 1.0567E+02 1.1001E-08
 1.0651E+02 9.0328E-09
 1.0734E+02 7.4068E-09
 1.0818E+02 6.0636E-09
 1.0901E+02 4.9560E-09
 1.0984E+02 4.0448E-09
 1.1068E+02 3.2957E-09
 1.1151E+02 2.6815E-09
 1.1235E+02 2.1783E-09
 1.1318E+02 1.7667E-09
 1.1401E+02 1.4308E-09
 1.1485E+02 1.1569E-09
 1.1568E+02 9.3394E-10
 1.1651E+02 7.5290E-10
 1.1735E+02 6.0592E-10
 1.1818E+02 4.8698E-10
 1.1902E+02 3.9068E-10
 1.1985E+02 3.1300E-10
 1.2068E+02 2.5034E-10
 1.2152E+02 1.9996E-10
 1.2235E+02 1.5943E-10
 1.2319E+02 1.2696E-10
 1.2402E+02 1.0092E-10
 1.2485E+02 8.0102E-11
 1.2569E+02 6.3476E-11
 1.2652E+02 5.0229E-11
 1.2736E+02 3.9685E-11
 1.2819E+02 3.1303E-11
 1.2902E+02 2.4655E-11
 1.2986E+02 1.9388E-11
 1.3069E+02 1.5225E-11
 1.3152E+02 1.1936E-11
 1.3236E+02 9.3434E-12
 1.3319E+02 7.3017E-12
 1.3403E+02 5.6980E-12
 1.3486E+02 4.4390E-12
 1.3569E+02 3.4532E-12
 1.3653E+02 2.6825E-12
 1.3736E+02 2.0804E-12
 1.3820E+02 1.6108E-12
 1.3903E+02 1.2454E-12
 1.3986E+02 9.6130E-13
 1.4070E+02 7.4096E-13
 1.4153E+02 5.7034E-13
 1.4237E+02 4.3821E-13
 1.4320E+02 3.3618E-13
 1.4403E+02 2.5751E-13
 1.4487E+02 1.9695E-13
 1.4570E+02 1.5039E-13
 1.4653E+02 1.1468E-13
 1.4737E+02 8.7303E-14
 1.4820E+02 6.6360E-14
 1.4904E+02 5.0362E-14
 1.4987E+02 3.8163E-14
 1.5070E+02 2.8875E-14
 1.5154E+02 2.1813E-14
 1.5237E+02 1.6454E-14
 1.5321E+02 1.2391E-14
 1.5404E+02 9.3172E-15
 1.5487E+02 6.9953E-15
 1.5571E+02 5.2433E-15
 1.5654E+02 3.9247E-15
 1.5738E+02 2.9329E-15
 1.5821E+02 2.1881E-15
 1.5904E+02 1.6303E-15
 1.5988E+02 1.2126E-15
 1.6071E+02 9.0072E-16
 1.6154E+02 6.6786E-16
 1.6238E+02 4.9447E-16
 1.6321E+02 3.6557E-16
 1.6405E+02 2.6982E-16
 1.6488E+02 1.9887E-16
 1.6571E+02 1.4634E-16
 1.6655E+02 1.0751E-16
