-1.6617E+02 1.4158E-16
-1.6534E+02 1.9238E-16
-1.6451E+02 2.6101E-16
-1.6367E+02 3.5367E-16
-1.6284E+02 4.7839E-16
-1.6200E+02 6.4618E-16
-1.6117E+02 8.7127E-16
-1.6034E+02 1.1732E-15
-1.5950E+02 1.5770E-15
-1.5867E+02 2.1171E-15
-1.5784E+02 2.8369E-15
-1.5700E+02 3.7964E-15
-1.5617E+02 5.0724E-15
-1.5533E+02 6.7668E-15
-1.5450E+02 9.0129E-15
-1.5367E+02 1.1987E-14
-1.5283E+02 1.5916E-14
-1.5200E+02 2.1100E-14
-1.5116E+02 2.7933E-14
-1.5033E+02 3.6918E-14
-1.4950E+02 4.8724E-14
-1.4866E+02 6.4196E-14
-1.4783E+02 8.4450E-14
-1.4699E+02 1.1094E-13
-1.4616E+02 1.4551E-13
-1.4533E+02 1.9052E-13
-1.4449E+02 2.4911E-13
-1.4366E+02 3.2519E-13
-1.4283E+02 4.2388E-13
-1.4199E+02 5.5170E-13
-1.4116E+02 7.1683E-13
-1.4032E+02 9.3005E-13
-1.3949E+02 1.2048E-12
-1.3866E+02 1.5583E-12
-1.3782E+02 2.0125E-12
-1.3699E+02 2.5948E-12
-1.3615E+02 3.3404E-12
-1.3532E+02 4.2940E-12
-1.3449E+02 5.5116E-12
-1.3365E+02 7.0631E-12
-1.3282E+02 9.0376E-12
-1.3198E+02 1.1545E-11
-1.3115E+02 1.4726E-11
-1.3032E+02 1.8756E-11
-1.2948E+02 2.3850E-11
-1.2865E+02 3.0280E-11
-1.2782E+02 3.8382E-11
-1.2698E+02 4.8581E-11
-1.2615E+02 6.1397E-11
-1.2531E+02 7.7476E-11
-1.2448E+02 9.7612E-11
-1.2365E+02 1.2279E-10
-1.2281E+02 1.5421E-10
-1.2198E+02 1.9339E-10
-1.2114E+02 2.4219E-10
-1.2031E+02 3.0277E-10
-1.1948E+02 3.7793E-10
-1.1864E+02 4.7099E-10
-1.1781E+02 5.8603E-10
-1.1697E+02 7.2822E-10
-1.1614E+02 9.0335E-10
-1.1531E+02 1.1190E-09
-1.1447E+02 1.3840E-09
-1.1364E+02 1.7089E-09
-1.1281E+02 2.1071E-09
-1.1197E+02 2.5938E-09
-1.1114E+02 3.1881E-09
-1.1030E+02 3.9122E-09
-1.0947E+02 4.7938E-09
-1.0864E+02 5.8649E-09
-1.0780E+02 7.1642E-09
-1.0697E+02 8.7371E-09
-1.0613E+02 1.0640E-08
-1.0530E+02 1.2937E-08
-1.0447E+02 1.5705E-08
-1.0363E+02 1.9039E-08
-1.0280E+02 2.3041E-08
-1.0196E+02 2.7844E-08
-1.0113E+02 3.3593E-08
-1.0030E+02 4.0471E-08
-9.9463E+01 4.8676E-08
-9.8629E+01 5.8460E-08
-9.7795E+01 7.0097E-08
-9.6961E+01 8.3920E-08
-9.6127E+01 1.0033E-07
-9.5293E+01 1.1973E-07
-9.4459E+01 1.4269E-07
-9.3626E+01 1.6979E-07
-9.2792E+01 2.0171E-07
-9.1958E+01 2.3927E-07
-9.1124E+01 2.8339E-07
-9.0290E+01 3.3509E-07
-8.9456E+01 3.9566E-07
-8.8622E+01 4.6648E-07
-8.7788E+01 5.4904E-07
-8.6954E+01 6.4520E-07
-8.6121E+01 7.5714E-07
-8.5287E+01 8.8718E-07
-8.4453E+01 1.0377E-06
-8.3619E+01 1.2120E-06
-8.2785E+01 1.4135E-06
-8.1951E+01 1.6459E-06
-8.1117E+01 1.9136E-06
-8.0283E+01 2.2214E-06
-7.9449E+01 2.5743E-06
-7.8616E+01 2.9794E-06
-7.7782E+01 3.4422E-06
-7.6948E+01 3.9718E-06
-7.6114E+01 4.5744E-06
-7.5280E+01 5.2615E-06
-7.4446E+01 6.0414E-06
-7.3612E+01 6.9269E-06
-7.2778E+01 7.9302E-06
-7.1944E+01 9.0642E-06
-7.1111E+01 1.0344E-05
-7.0277E+01 1.1787E-05
-6.9443E+01 1.3410E-05
-6.8609E+01 1.5234E-05
-6.7775E+01 1.7278E-05
-6.6941E+01 1.9567E-05
-6.6107E+01 2.2124E-05
-6.5273E+01 2.4979E-05
-6.4439E+01 2.8155E-05
-6.3606E+01 3.1689E-05
-6.2772E+01 3.5609E-05
-6.1938E+01 3.9957E-05
-6.1104E+01 4.4757E-05
-6.0270E+01 5.0067E-05
-5.9436E+01 5.5915E-05
-5.8602E+01 6.2349E-05
-5.7768E+01 6.9416E-05
-5.6934E+01 7.7167E-05
-5.6101E+01 8.5653E-05
-5.5267E+01 9.4923E-05
-5.4433E+01 1.0503E-04
-5.3599E+01 1.1604E-04
-5.2765E+01 1.2800E-04
-5.1931E+01 1.4099E-04
-5.1097E+01 1.5505E-04
-5.0263E+01 1.7023E-04
-4.9429E+01 1.8660E-04
-4.8596E+01 2.0430E-04
-4.7762E+01 2.2326E-04
-4.6928E+01 2.4363E-04
-4.6094E+01 2.6545E-04
-4.5260E+01 2.8876E-04
-4.4426E+01 3.1367E-04
-4.3592E+01 3.4016E-04
-4.2758E+01 3.6832E-04
-4.1924E+01 3.9824E-04
-4.1091E+01 4.2990E-04
-4.0257E+01 4.6334E-04
-3.9423E+01 4.9863E-04
-3.8589E+01 5.3583E-04
-3.7755E+01 5.7475E-04
-3.6921E+01 6.1569E-04
-3.6087E+01 6.5847E-04
-3.5253E+01 7.0321E-04
-3.4419E+01 7.4982E-04
-3.3586E+01 7.9826E-04
-3.2752E+01 8.4840E-04
-3.1918E+01 9.0045E-04
-3.1084E+01 9.5427E-04
-3.0250E+01 1.0095E-03
-2.9416E+01 1.0665E-03
-2.8582E+01 1.1250E-03
-2.7748E+01 1.1846E-03
-2.6914E+01 1.2457E-03
-2.6081E+01 1.3078E-03
-2.5247E+01 1.3709E-03
-2.4413E+01 1.4349E-03
-2.3579E+01 1.4997E-03
-2.2745E+01 1.5647E-03
-2.1911E+01 1.6302E-03
-2.1077E+01 1.6954E-03
-2.0243E+01 1.7606E-03
-1.9409E+01 1.8254E-03
-1.8576E+01 1.8897E-03
-1.7742E+01 1.9534E-03
-1.6908E+01 2.0164E-03
-1.6074E+01 2.0779E-03
-1.5240E+01 2.1384E-03
-1.4406E+01 2.1972E-03
-1.3572E+01 2.2539E-03
-1.2738E+01 2.3089E-03
-1.1904E+01 2.3613E-03
-1.1071E+01 2.4111E-03
-1.0237E+01 2.4580E-03
-9.4028E+00 2.5025E-03
-8.5689E+00 2.5437E-03
-7.7350E+00 2.5815E-03
-6.9011E+00 2.6158E-03
-6.0672E+00 2.6462E-03
-5.2333E+00 2.6727E-03
-4.3994E+00 2.6957E-03
-3.5655E+00 2.7146E-03
-2.7317E+00 2.7291E-03
-1.8978E+00 2.7397E-03
-1.0639E+00 2.7461E-03
-2.2998E-01 2.7483E-03
 6.0391E-01 2.7461E-03
 1.4378E+00 2.7397E-03
 2.2717E+00 2.7291E-03
 3.1056E+00 2.7146E-03
 3.9395E+00 2.6956E-03
 4.7734E+00 2.6726E-03
 5.6072E+00 2.6461E-03
 6.4411E+00 2.6157E-03
 7.2750E+00 2.5814E-03
 8.1089E+00 2.5437E-03
 8.9428E+00 2.5023E-03
 9.7767E+00 2.4580E-03
 1.0611E+01 2.4111E-03
 1.1444E+01 2.3613E-03
 1.2278E+01 2.3088E-03
 1.3112E+01 2.2539E-03
 1.3946E+01 2.1970E-03
 1.4780E+01 2.1383E-03
 1.5614E+01 2.0777E-03
 1.6448E+01 2.0162E-03
 1.7282E+01 1.9533E-03
 1.8116E+01 1.8895E-03
 1.8949E+01 1.8253E-03
 1.9783E+01 1.7606E-03
 2.0617E+01 1.6954E-03
 2.1451E+01 1.6299E-03
 2.2285E+01 1.5645E-03
 2.3119E+01 1.4995E-03
 2.3953E+01 1.4347E-03
 2.4787E+01 1.3707E-03
 2.5621E+01 1.3077E-03
 2.6454E+01 1.2456E-03
 2.7288E+01 1.1845E-03
 2.8122E+01 1.1248E-03
 2.8956E+01 1.0664E-03
 2.9790E+01 1.0095E-03
 3.0624E+01 9.5409E-04
 3.1458E+01 9.0037E-04
 3.2292E+01 8.4832E-04
 3.3126E+01 7.9819E-04
 3.3959E+01 7.4970E-04
 3.4793E+01 7.0315E-04
 3.5627E+01 6.5841E-04
 3.6461E+01 6.1564E-04
 3.7295E+01 5.7475E-04
 3.8129E+01 5.3572E-04
 3.8963E+01 4.9854E-04
 3.9797E+01 4.6327E-04
 4.0631E+01 4.2985E-04
 4.1464E+01 3.9817E-04
 4.2298E+01 3.6829E-04
 4.3132E+01 3.4014E-04
 4.3966E+01 3.1359E-04
 4.4800E+01 2.8872E-04
 4.5634E+01 2.6540E-04
 4.6468E+01 2.4359E-04
 4.7302E+01 2.2321E-04
 4.8136E+01 2.0425E-04
 4.8969E+01 1.8661E-04
 4.9803E+01 1.7019E-04
 5.0637E+01 1.5502E-04
 5.1471E+01 1.4096E-04
 5.2305E+01 1.2799E-04
 5.3139E+01 1.1602E-04
 5.3973E+01 1.0501E-04
 5.4807E+01 9.4904E-05
 5.5641E+01 8.5637E-05
 5.6474E+01 7.7154E-05
 5.7308E+01 6.9406E-05
 5.8142E+01 6.2333E-05
 5.8976E+01 5.5896E-05
 5.9810E+01 5.0057E-05
 6.0644E+01 4.4747E-05
 6.1478E+01 3.9943E-05
 6.2312E+01 3.5601E-05
 6.3146E+01 3.1681E-05
 6.3980E+01 2.8147E-05
 6.4813E+01 2.4971E-05
 6.5647E+01 2.2120E-05
 6.6481E+01 1.9561E-05
 6.7315E+01 1.7275E-05
 6.8149E+01 1.5230E-05
 6.8983E+01 1.3407E-05
 6.9817E+01 1.1784E-05
 7.0651E+01 1.0341E-05
 7.1484E+01 9.0619E-06
 7.2318E+01 7.9273E-06
 7.3152E+01 6.9250E-06
 7.3986E+01 6.0398E-06
 7.4820E+01 5.2597E-06
 7.5654E+01 4.5735E-06
 7.6488E+01 3.9701E-06
 7.7322E+01 3.4411E-06
 7.8156E+01 2.9785E-06
 7.8990E+01 2.5738E-06
 7.9823E+01 2.2207E-06
 8.0657E+01 1.9131E-06
 8.1491E+01 1.6455E-06
 8.2325E+01 1.4131E-06
 8.3159E+01 1.2117E-06
 8.3993E+01 1.0374E-06
 8.4827E+01 8.8677E-07
 8.5661E+01 7.5689E-07
 8.6495E+01 6.4510E-07
 8.7328E+01 5.4890E-07
 8.8162E+01 4.6628E-07
 8.8996E+01 3.9553E-07
 8.9830E+01 3.3500E-07
 9.0664E+01 2.8329E-07
 9.1498E+01 2.3918E-07
 9.2332E+01 2.0162E-07
 9.3166E+01 1.6972E-07
 9.4000E+01 1.4264E-07
 9.4833E+01 1.1970E-07
 9.5667E+01 1.0029E-07
 9.6501E+01 8.3895E-08
 9.7335E+01 7.0072E-08
 9.8169E+01 5.8443E-08
 9.9003E+01 4.8658E-08
 9.9837E+01 4.0455E-08
 1.0067E+02 3.3582E-08
 1.0150E+02 2.7832E-08
 1.0234E+02 2.3033E-08
 1.0317E+02 1.9032E-08
 1.0401E+02 1.5701E-08
 1.0484E+02 1.2933E-08
 1.0567E+02 1.0636E-08
 1.0651E+02 8.7346E-09
 1.0734E+02 7.1614E-09
 1.0818E+02 5.8626E-09
 1.0901E+02 4.7915E-09
 1.0984E+02 3.9108E-09
 1.1068E+02 3.1870E-09
 1.1151E+02 2.5924E-09
 1.1235E+02 2.1061E-09
 1.1318E+02 1.7084E-09
 1.1401E+02 1.3834E-09
 1.1485E+02 1.1185E-09
 1.1568E+02 9.0303E-10
 1.1651E+02 7.2795E-10
 1.1735E+02 5.8588E-10
 1.1818E+02 4.7080E-10
 1.1902E+02 3.7773E-10
 1.1985E+02 3.0264E-10
 1.2068E+02 2.4205E-10
 1.2152E+02 1.9333E-10
 1.2235E+02 1.5415E-10
 1.2319E+02 1.2274E-10
 1.2402E+02 9.7568E-11
 1.2485E+02 7.7447E-11
 1.2569E+02 6.1377E-11
 1.2652E+02 4.8566E-11
 1.2736E+02 3.8366E-11
 1.2819E+02 3.0265E-11
 1.2902E+02 2.3838E-11
 1.2986E+02 1.8745E-11
 1.3069E+02 1.4720E-11
 1.3152E+02 1.1539E-11
 1.3236E+02 9.0330E-12
 1.3319E+02 7.0596E-12
 1.3403E+02 5.5092E-12
 1.3486E+02 4.2926E-12
 1.3569E+02 3.3390E-12
 1.3653E+02 2.5935E-12
 1.3736E+02 2.0115E-12
 1.3820E+02 1.5575E-12
 1.3903E+02 1.2041E-12
 1.3986E+02 9.2958E-13
 1.4070E+02 7.1647E-13
 1.4153E+02 5.5142E-13
 1.4237E+02 4.2367E-13
 1.4320E+02 3.2507E-13
 1.4403E+02 2.4898E-13
 1.4487E+02 1.9043E-13
 1.4570E+02 1.4542E-13
 1.4653E+02 1.1087E-13
 1.4737E+02 8.4414E-14
 1.4820E+02 6.4163E-14
 1.4904E+02 4.8696E-14
 1.4987E+02 3.6903E-14
 1.5070E+02 2.7918E-14
 1.5154E+02 2.1090E-14
 1.5237E+02 1.5907E-14
 1.5321E+02 1.1979E-14
 1.5404E+02 9.0090E-15
 1.5487E+02 6.7633E-15
 1.5571E+02 5.0697E-15
 1.5654E+02 3.7946E-15
 1.5738E+02 2.8355E-15
 1.5821E+02 2.1158E-15
 1.5904E+02 1.5764E-15
 1.5988E+02 1.1725E-15
 1.6071E+02 8.7079E-16
 1.6154E+02 6.4573E-16
 1.6238E+02 4.7816E-16
 1.6321E+02 3.5345E-16
 1.6405E+02 2.6089E-16
 1.6488E+02 1.9228E-16
 1.6571E+02 1.4147E-16
 1.6655E+02 1.0395E-16
