-1.6617E+02 1.4276E-16
-1.6534E+02 1.9400E-16
-1.6451E+02 2.6324E-16
-1.6367E+02 3.5663E-16
-1.6284E+02 4.8241E-16
-1.6200E+02 6.5167E-16
-1.6117E+02 8.7876E-16
-1.6034E+02 1.1830E-15
-1.5950E+02 1.5904E-15
-1.5867E+02 2.1351E-15
-1.5784E+02 2.8608E-15
-1.5700E+02 3.8286E-15
-1.5617E+02 5.1151E-15
-1.5533E+02 6.8238E-15
-1.5450E+02 9.0889E-15
-1.5367E+02 1.2088E-14
-1.5283E+02 1.6050E-14
-1.5200E+02 2.1279E-14
-1.5116E+02 2.8168E-14
-1.5033E+02 3.7231E-14
-1.4950E+02 4.9134E-14
-1.4866E+02 6.4734E-14
-1.4783E+02 8.5167E-14
-1.4699E+02 1.1188E-13
-1.4616E+02 1.4674E-13
-1.4533E+02 1.9214E-13
-1.4449E+02 2.5119E-13
-1.4366E+02 3.2795E-13
-1.4283E+02 4.2747E-13
-1.4199E+02 5.5635E-13
-1.4116E+02 7.2292E-13
-1.4032E+02 9.3783E-13
-1.3949E+02 1.2149E-12
-1.3866E+02 1.5715E-12
-1.3782E+02 2.0294E-12
-1.3699E+02 2.6169E-12
-1.3615E+02 3.3687E-12
-1.3532E+02 4.3306E-12
-1.3449E+02 5.5576E-12
-1.3365E+02 7.1227E-12
-1.3282E+02 9.1137E-12
-1.3198E+02 1.1643E-11
-1.3115E+02 1.4850E-11
-1.3032E+02 1.8914E-11
-1.2948E+02 2.4051E-11
-1.2865E+02 3.0536E-11
-1.2782E+02 3.8708E-11
-1.2698E+02 4.8998E-11
-1.2615E+02 6.1922E-11
-1.2531E+02 7.8133E-11
-1.2448E+02 9.8435E-11
-1.2365E+02 1.2384E-10
-1.2281E+02 1.5551E-10
-1.2198E+02 1.9504E-10
-1.2114E+02 2.4422E-10
-1.2031E+02 3.0528E-10
-1.1948E+02 3.8112E-10
-1.1864E+02 4.7499E-10
-1.1781E+02 5.9098E-10
-1.1697E+02 7.3434E-10
-1.1614E+02 9.1107E-10
-1.1531E+02 1.1285E-09
-1.1447E+02 1.3956E-09
-1.1364E+02 1.7233E-09
-1.1281E+02 2.1249E-09
-1.1197E+02 2.6155E-09
-1.1114E+02 3.2151E-09
-1.1030E+02 3.9453E-09
-1.0947E+02 4.8343E-09
-1.0864E+02 5.9141E-09
-1.0780E+02 7.2246E-09
-1.0697E+02 8.8109E-09
-1.0613E+02 1.0730E-08
-1.0530E+02 1.3046E-08
-1.0447E+02 1.5840E-08
-1.0363E+02 1.9199E-08
-1.0280E+02 2.3237E-08
-1.0196E+02 2.8078E-08
-1.0113E+02 3.3877E-08
-1.0030E+02 4.0812E-08
-9.9463E+01 4.9090E-08
-9.8629E+01 5.8956E-08
-9.7795E+01 7.0690E-08
-9.6961E+01 8.4633E-08
-9.6127E+01 1.0117E-07
-9.5293E+01 1.2075E-07
-9.4459E+01 1.4389E-07
-9.3626E+01 1.7123E-07
-9.2792E+01 2.0341E-07
-9.1958E+01 2.4129E-07
-9.1124E+01 2.8577E-07
-9.0290E+01 3.3794E-07
-8.9456E+01 3.9899E-07
-8.8622E+01 4.7039E-07
-8.7788E+01 5.5366E-07
-8.6954E+01 6.5067E-07
-8.6121E+01 7.6357E-07
-8.5287E+01 8.9457E-07
-8.4453E+01 1.0465E-06
-8.3619E+01 1.2224E-06
-8.2785E+01 1.4255E-06
-8.1951E+01 1.6600E-06
-8.1117E+01 1.9298E-06
-8.0283E+01 2.2402E-06
-7.9449E+01 2.5963E-06
-7.8616E+01 3.0043E-06
-7.7782E+01 3.4712E-06
-7.6948E+01 4.0047E-06
-7.6114E+01 4.6132E-06
-7.5280E+01 5.3055E-06
-7.4446E+01 6.0928E-06
-7.3612E+01 6.9858E-06
-7.2778E+01 7.9970E-06
-7.1944E+01 9.1410E-06
-7.1111E+01 1.0432E-05
-7.0277E+01 1.1887E-05
-6.9443E+01 1.3523E-05
-6.8609E+01 1.5363E-05
-6.7775E+01 1.7422E-05
-6.6941E+01 1.9731E-05
-6.6107E+01 2.2312E-05
-6.5273E+01 2.5189E-05
-6.4439E+01 2.8394E-05
-6.3606E+01 3.1956E-05
-6.2772E+01 3.5910E-05
-6.1938E+01 4.0293E-05
-6.1104E+01 4.5136E-05
-6.0270E+01 5.0485E-05
-5.9436E+01 5.6383E-05
-5.8602E+01 6.2869E-05
-5.7768E+01 7.0007E-05
-5.6934E+01 7.7818E-05
-5.6101E+01 8.6378E-05
-5.5267E+01 9.5721E-05
-5.4433E+01 1.0593E-04
-5.3599E+01 1.1702E-04
-5.2765E+01 1.2908E-04
-5.1931E+01 1.4218E-04
-5.1097E+01 1.5636E-04
-5.0263E+01 1.7165E-04
-4.9429E+01 1.8819E-04
-4.8596E+01 2.0601E-04
-4.7762E+01 2.2514E-04
-4.6928E+01 2.4571E-04
-4.6094E+01 2.6770E-04
-4.5260E+01 2.9121E-04
-4.4426E+01 3.1631E-04
-4.3592E+01 3.4303E-04
-4.2758E+01 3.7146E-04
-4.1924E+01 4.0159E-04
-4.1091E+01 4.3356E-04
-4.0257E+01 4.6727E-04
-3.9423E+01 5.0282E-04
-3.8589E+01 5.4031E-04
-3.7755E+01 5.7965E-04
-3.6921E+01 6.2083E-04
-3.6087E+01 6.6409E-04
-3.5253E+01 7.0914E-04
-3.4419E+01 7.5611E-04
-3.3586E+01 8.0498E-04
-3.2752E+01 8.5569E-04
-3.1918E+01 9.0812E-04
-3.1084E+01 9.6226E-04
-3.0250E+01 1.0181E-03
-2.9416E+01 1.0755E-03
-2.8582E+01 1.1343E-03
-2.7748E+01 1.1947E-03
-2.6914E+01 1.2563E-03
-2.6081E+01 1.3187E-03
-2.5247E+01 1.3825E-03
-2.4413E+01 1.4470E-03
-2.3579E+01 1.5123E-03
-2.2745E+01 1.5780E-03
-2.1911E+01 1.6440E-03
-2.1077E+01 1.7096E-03
-2.0243E+01 1.7754E-03
-1.9409E+01 1.8408E-03
-1.8576E+01 1.9058E-03
-1.7742E+01 1.9700E-03
-1.6908E+01 2.0334E-03
-1.6074E+01 2.0957E-03
-1.5240E+01 2.1565E-03
-1.4406E+01 2.2158E-03
-1.3572E+01 2.2731E-03
-1.2738E+01 2.3284E-03
-1.1904E+01 2.3814E-03
-1.1071E+01 2.4315E-03
-1.0237E+01 2.4787E-03
-9.4028E+00 2.5238E-03
-8.5689E+00 2.5653E-03
-7.7350E+00 2.6033E-03
-6.9011E+00 2.6376E-03
-6.0672E+00 2.6681E-03
-5.2333E+00 2.6952E-03
-4.3994E+00 2.7186E-03
-3.5655E+00 2.7373E-03
-2.7317E+00 2.7523E-03
-1.8978E+00 2.7628E-03
-1.0639E+00 2.7693E-03
-2.2998E-01 2.7715E-03
 6.0391E-01 2.7694E-03
 1.4378E+00 2.7628E-03
 2.2717E+00 2.7523E-03
 3.1056E+00 2.7372E-03
 3.9395E+00 2.7186E-03
 4.7734E+00 2.6951E-03
 5.6072E+00 2.6682E-03
 6.4411E+00 2.6378E-03
 7.2750E+00 2.6033E-03
 8.1089E+00 2.5653E-03
 8.9428E+00 2.5237E-03
 9.7767E+00 2.4788E-03
 1.0611E+01 2.4316E-03
 1.1444E+01 2.3813E-03
 1.2278E+01 2.3284E-03
 1.3112E+01 2.2730E-03
 1.3946E+01 2.2156E-03
 1.4780E+01 2.1563E-03
 1.5614E+01 2.0954E-03
 1.6448E+01 2.0331E-03
 1.7282E+01 1.9697E-03
 1.8116E+01 1.9056E-03
 1.8949E+01 1.8406E-03
 1.9783E+01 1.7754E-03
 2.0617E+01 1.7096E-03
 2.1451E+01 1.6438E-03
 2.2285E+01 1.5779E-03
 2.3119E+01 1.5120E-03
 2.3953E+01 1.4469E-03
 2.4787E+01 1.3824E-03
 2.5621E+01 1.3187E-03
 2.6454E+01 1.2561E-03
 2.7288E+01 1.1946E-03
 2.8122E+01 1.1342E-03
 2.8956E+01 1.0753E-03
 2.9790E+01 1.0180E-03
 3.0624E+01 9.6224E-04
 3.1458E+01 9.0803E-04
 3.2292E+01 8.5566E-04
 3.3126E+01 8.0489E-04
 3.3959E+01 7.5601E-04
 3.4793E+01 7.0907E-04
 3.5627E+01 6.6401E-04
 3.6461E+01 6.2085E-04
 3.7295E+01 5.7957E-04
 3.8129E+01 5.4027E-04
 3.8963E+01 5.0283E-04
 3.9797E+01 4.6718E-04
 4.0631E+01 4.3348E-04
 4.1464E+01 4.0154E-04
 4.2298E+01 3.7138E-04
 4.3132E+01 3.4299E-04
 4.3966E+01 3.1627E-04
 4.4800E+01 2.9117E-04
 4.5634E+01 2.6764E-04
 4.6468E+01 2.4568E-04
 4.7302E+01 2.2510E-04
 4.8136E+01 2.0597E-04
 4.8969E+01 1.8815E-04
 4.9803E+01 1.7164E-04
 5.0637E+01 1.5633E-04
 5.1471E+01 1.4215E-04
 5.2305E+01 1.2906E-04
 5.3139E+01 1.1700E-04
 5.3973E+01 1.0591E-04
 5.4807E+01 9.5704E-05
 5.5641E+01 8.6361E-05
 5.6474E+01 7.7803E-05
 5.7308E+01 6.9992E-05
 5.8142E+01 6.2859E-05
 5.8976E+01 5.6376E-05
 5.9810E+01 5.0479E-05
 6.0644E+01 4.5129E-05
 6.1478E+01 4.0283E-05
 6.2312E+01 3.5902E-05
 6.3146E+01 3.1949E-05
 6.3980E+01 2.8386E-05
 6.4813E+01 2.5183E-05
 6.5647E+01 2.2306E-05
 6.6481E+01 1.9726E-05
 6.7315E+01 1.7419E-05
 6.8149E+01 1.5358E-05
 6.8983E+01 1.3520E-05
 6.9817E+01 1.1884E-05
 7.0651E+01 1.0429E-05
 7.1484E+01 9.1385E-06
 7.2318E+01 7.9946E-06
 7.3152E+01 6.9834E-06
 7.3986E+01 6.0909E-06
 7.4820E+01 5.3042E-06
 7.5654E+01 4.6118E-06
 7.6488E+01 4.0035E-06
 7.7322E+01 3.4706E-06
 7.8156E+01 3.0034E-06
 7.8990E+01 2.5956E-06
 7.9823E+01 2.2393E-06
 8.0657E+01 1.9293E-06
 8.1491E+01 1.6593E-06
 8.2325E+01 1.4251E-06
 8.3159E+01 1.2220E-06
 8.3993E+01 1.0462E-06
 8.4827E+01 8.9436E-07
 8.5661E+01 7.6339E-07
 8.6495E+01 6.5051E-07
 8.7328E+01 5.5353E-07
 8.8162E+01 4.7024E-07
 8.8996E+01 3.9889E-07
 8.9830E+01 3.3783E-07
 9.0664E+01 2.8568E-07
 9.1498E+01 2.4121E-07
 9.2332E+01 2.0335E-07
 9.3166E+01 1.7116E-07
 9.4000E+01 1.4384E-07
 9.4833E+01 1.2072E-07
 9.5667E+01 1.0114E-07
 9.6501E+01 8.4605E-08
 9.7335E+01 7.0668E-08
 9.8169E+01 5.8931E-08
 9.9003E+01 4.9073E-08
 9.9837E+01 4.0797E-08
 1.0067E+02 3.3868E-08
 1.0150E+02 2.8067E-08
 1.0234E+02 2.3226E-08
 1.0317E+02 1.9192E-08
 1.0401E+02 1.5833E-08
 1.0484E+02 1.3043E-08
 1.0567E+02 1.0725E-08
 1.0651E+02 8.8080E-09
 1.0734E+02 7.2219E-09
 1.0818E+02 5.9120E-09
 1.0901E+02 4.8326E-09
 1.0984E+02 3.9438E-09
 1.1068E+02 3.2137E-09
 1.1151E+02 2.6145E-09
 1.1235E+02 2.1240E-09
 1.1318E+02 1.7227E-09
 1.1401E+02 1.3951E-09
 1.1485E+02 1.1280E-09
 1.1568E+02 9.1063E-10
 1.1651E+02 7.3404E-10
 1.1735E+02 5.9083E-10
 1.1818E+02 4.7480E-10
 1.1902E+02 3.8094E-10
 1.1985E+02 3.0518E-10
 1.2068E+02 2.4411E-10
 1.2152E+02 1.9497E-10
 1.2235E+02 1.5547E-10
 1.2319E+02 1.2378E-10
 1.2402E+02 9.8405E-11
 1.2485E+02 7.8095E-11
 1.2569E+02 6.1891E-11
 1.2652E+02 4.8979E-11
 1.2736E+02 3.8695E-11
 1.2819E+02 3.0522E-11
 1.2902E+02 2.4040E-11
 1.2986E+02 1.8905E-11
 1.3069E+02 1.4845E-11
 1.3152E+02 1.1637E-11
 1.3236E+02 9.1097E-12
 1.3319E+02 7.1195E-12
 1.3403E+02 5.5556E-12
 1.3486E+02 4.3285E-12
 1.3569E+02 3.3673E-12
 1.3653E+02 2.6152E-12
 1.3736E+02 2.0284E-12
 1.3820E+02 1.5708E-12
 1.3903E+02 1.2144E-12
 1.3986E+02 9.3749E-13
 1.4070E+02 7.2258E-13
 1.4153E+02 5.5608E-13
 1.4237E+02 4.2724E-13
 1.4320E+02 3.2778E-13
 1.4403E+02 2.5110E-13
 1.4487E+02 1.9204E-13
 1.4570E+02 1.4663E-13
 1.4653E+02 1.1181E-13
 1.4737E+02 8.5128E-14
 1.4820E+02 6.4702E-14
 1.4904E+02 4.9105E-14
 1.4987E+02 3.7215E-14
 1.5070E+02 2.8155E-14
 1.5154E+02 2.1269E-14
 1.5237E+02 1.6042E-14
 1.5321E+02 1.2081E-14
 1.5404E+02 9.0852E-15
 1.5487E+02 6.8204E-15
 1.5571E+02 5.1127E-15
 1.5654E+02 3.8264E-15
 1.5738E+02 2.8596E-15
 1.5821E+02 2.1334E-15
 1.5904E+02 1.5896E-15
 1.5988E+02 1.1824E-15
 1.6071E+02 8.7814E-16
 1.6154E+02 6.5123E-16
 1.6238E+02 4.8218E-16
 1.6321E+02 3.5644E-16
 1.6405E+02 2.6310E-16
 1.6488E+02 1.9391E-16
 1.6571E+02 1.4268E-16
 1.6655E+02 1.0482E-16
