-1.6617E+02 1.4519E-16
-1.6534E+02 1.9730E-16
-1.6451E+02 2.6768E-16
-1.6367E+02 3.6269E-16
-1.6284E+02 4.9064E-16
-1.6200E+02 6.6262E-16
-1.6117E+02 8.9346E-16
-1.6034E+02 1.2031E-15
-1.5950E+02 1.6175E-15
-1.5867E+02 2.1712E-15
-1.5784E+02 2.9099E-15
-1.5700E+02 3.8934E-15
-1.5617E+02 5.2018E-15
-1.5533E+02 6.9398E-15
-1.5450E+02 9.2426E-15
-1.5367E+02 1.2292E-14
-1.5283E+02 1.6321E-14
-1.5200E+02 2.1640E-14
-1.5116E+02 2.8646E-14
-1.5033E+02 3.7861E-14
-1.4950E+02 4.9968E-14
-1.4866E+02 6.5837E-14
-1.4783E+02 8.6612E-14
-1.4699E+02 1.1378E-13
-1.4616E+02 1.4921E-13
-1.4533E+02 1.9539E-13
-1.4449E+02 2.5549E-13
-1.4366E+02 3.3350E-13
-1.4283E+02 4.3469E-13
-1.4199E+02 5.6576E-13
-1.4116E+02 7.3519E-13
-1.4032E+02 9.5378E-13
-1.3949E+02 1.2356E-12
-1.3866E+02 1.5982E-12
-1.3782E+02 2.0639E-12
-1.3699E+02 2.6613E-12
-1.3615E+02 3.4260E-12
-1.3532E+02 4.4040E-12
-1.3449E+02 5.6526E-12
-1.3365E+02 7.2435E-12
-1.3282E+02 9.2679E-12
-1.3198E+02 1.1839E-11
-1.3115E+02 1.5102E-11
-1.3032E+02 1.9234E-11
-1.2948E+02 2.4459E-11
-1.2865E+02 3.1055E-11
-1.2782E+02 3.9368E-11
-1.2698E+02 4.9829E-11
-1.2615E+02 6.2968E-11
-1.2531E+02 7.9460E-11
-1.2448E+02 1.0011E-10
-1.2365E+02 1.2594E-10
-1.2281E+02 1.5817E-10
-1.2198E+02 1.9833E-10
-1.2114E+02 2.4836E-10
-1.2031E+02 3.1050E-10
-1.1948E+02 3.8757E-10
-1.1864E+02 4.8305E-10
-1.1781E+02 6.0104E-10
-1.1697E+02 7.4687E-10
-1.1614E+02 9.2660E-10
-1.1531E+02 1.1476E-09
-1.1447E+02 1.4192E-09
-1.1364E+02 1.7527E-09
-1.1281E+02 2.1610E-09
-1.1197E+02 2.6599E-09
-1.1114E+02 3.2697E-09
-1.1030E+02 4.0118E-09
-1.0947E+02 4.9163E-09
-1.0864E+02 6.0149E-09
-1.0780E+02 7.3469E-09
-1.0697E+02 8.9607E-09
-1.0613E+02 1.0912E-08
-1.0530E+02 1.3270E-08
-1.0447E+02 1.6108E-08
-1.0363E+02 1.9525E-08
-1.0280E+02 2.3630E-08
-1.0196E+02 2.8556E-08
-1.0113E+02 3.4452E-08
-1.0030E+02 4.1508E-08
-9.9463E+01 4.9922E-08
-9.8629E+01 5.9949E-08
-9.7795E+01 7.1883E-08
-9.6961E+01 8.6070E-08
-9.6127E+01 1.0288E-07
-9.5293E+01 1.2280E-07
-9.4459E+01 1.4634E-07
-9.3626E+01 1.7413E-07
-9.2792E+01 2.0686E-07
-9.1958E+01 2.4539E-07
-9.1124E+01 2.9062E-07
-9.0290E+01 3.4367E-07
-8.9456E+01 4.0579E-07
-8.8622E+01 4.7836E-07
-8.7788E+01 5.6306E-07
-8.6954E+01 6.6181E-07
-8.6121E+01 7.7640E-07
-8.5287E+01 9.0978E-07
-8.4453E+01 1.0643E-06
-8.3619E+01 1.2432E-06
-8.2785E+01 1.4497E-06
-8.1951E+01 1.6880E-06
-8.1117E+01 1.9625E-06
-8.0283E+01 2.2783E-06
-7.9449E+01 2.6406E-06
-7.8616E+01 3.0554E-06
-7.7782E+01 3.5305E-06
-7.6948E+01 4.0730E-06
-7.6114E+01 4.6914E-06
-7.5280E+01 5.3960E-06
-7.4446E+01 6.1955E-06
-7.3612E+01 7.1041E-06
-7.2778E+01 8.1326E-06
-7.1944E+01 9.2971E-06
-7.1111E+01 1.0610E-05
-7.0277E+01 1.2088E-05
-6.9443E+01 1.3752E-05
-6.8609E+01 1.5622E-05
-6.7775E+01 1.7719E-05
-6.6941E+01 2.0065E-05
-6.6107E+01 2.2690E-05
-6.5273E+01 2.5615E-05
-6.4439E+01 2.8875E-05
-6.3606E+01 3.2500E-05
-6.2772E+01 3.6519E-05
-6.1938E+01 4.0977E-05
-6.1104E+01 4.5901E-05
-6.0270E+01 5.1347E-05
-5.9436E+01 5.7345E-05
-5.8602E+01 6.3949E-05
-5.7768E+01 7.1184E-05
-5.6934E+01 7.9137E-05
-5.6101E+01 8.7843E-05
-5.5267E+01 9.7349E-05
-5.4433E+01 1.0772E-04
-5.3599E+01 1.1901E-04
-5.2765E+01 1.3128E-04
-5.1931E+01 1.4459E-04
-5.1097E+01 1.5901E-04
-5.0263E+01 1.7458E-04
-4.9429E+01 1.9140E-04
-4.8596E+01 2.0951E-04
-4.7762E+01 2.2897E-04
-4.6928E+01 2.4985E-04
-4.6094E+01 2.7223E-04
-4.5260E+01 2.9615E-04
-4.4426E+01 3.2166E-04
-4.3592E+01 3.4885E-04
-4.2758E+01 3.7775E-04
-4.1924E+01 4.0845E-04
-4.1091E+01 4.4091E-04
-4.0257E+01 4.7522E-04
-3.9423E+01 5.1137E-04
-3.8589E+01 5.4950E-04
-3.7755E+01 5.8945E-04
-3.6921E+01 6.3138E-04
-3.6087E+01 6.7544E-04
-3.5253E+01 7.2129E-04
-3.4419E+01 7.6899E-04
-3.3586E+01 8.1872E-04
-3.2752E+01 8.7023E-04
-3.1918E+01 9.2345E-04
-3.1084E+01 9.7856E-04
-3.0250E+01 1.0354E-03
-2.9416E+01 1.0938E-03
-2.8582E+01 1.1536E-03
-2.7748E+01 1.2149E-03
-2.6914E+01 1.2776E-03
-2.6081E+01 1.3412E-03
-2.5247E+01 1.4060E-03
-2.4413E+01 1.4716E-03
-2.3579E+01 1.5381E-03
-2.2745E+01 1.6047E-03
-2.1911E+01 1.6716E-03
-2.1077E+01 1.7386E-03
-2.0243E+01 1.8054E-03
-1.9409E+01 1.8721E-03
-1.8576E+01 1.9381E-03
-1.7742E+01 2.0036E-03
-1.6908E+01 2.0681E-03
-1.6074E+01 2.1313E-03
-1.5240E+01 2.1934E-03
-1.4406E+01 2.2534E-03
-1.3572E+01 2.3119E-03
-1.2738E+01 2.3681E-03
-1.1904E+01 2.4219E-03
-1.1071E+01 2.4730E-03
-1.0237E+01 2.5209E-03
-9.4028E+00 2.5668E-03
-8.5689E+00 2.6088E-03
-7.7350E+00 2.6470E-03
-6.9011E+00 2.6819E-03
-6.0672E+00 2.7139E-03
-5.2333E+00 2.7411E-03
-4.3994E+00 2.7650E-03
-3.5655E+00 2.7842E-03
-2.7317E+00 2.7991E-03
-1.8978E+00 2.8100E-03
-1.0639E+00 2.8165E-03
-2.2998E-01 2.8187E-03
 6.0391E-01 2.8165E-03
 1.4378E+00 2.8100E-03
 2.2717E+00 2.7992E-03
 3.1056E+00 2.7841E-03
 3.9395E+00 2.7649E-03
 4.7734E+00 2.7410E-03
 5.6072E+00 2.7138E-03
 6.4411E+00 2.6819E-03
 7.2750E+00 2.6470E-03
 8.1089E+00 2.6086E-03
 8.9428E+00 2.5667E-03
 9.7767E+00 2.5208E-03
 1.0611E+01 2.4729E-03
 1.1444E+01 2.4219E-03
 1.2278E+01 2.3680E-03
 1.3112E+01 2.3118E-03
 1.3946E+01 2.2533E-03
 1.4780E+01 2.1932E-03
 1.5614E+01 2.1312E-03
 1.6448E+01 2.0680E-03
 1.7282E+01 2.0034E-03
 1.8116E+01 1.9380E-03
 1.8949E+01 1.8718E-03
 1.9783E+01 1.8053E-03
 2.0617E+01 1.7385E-03
 2.1451E+01 1.6717E-03
 2.2285E+01 1.6046E-03
 2.3119E+01 1.5377E-03
 2.3953E+01 1.4715E-03
 2.4787E+01 1.4059E-03
 2.5621E+01 1.3411E-03
 2.6454E+01 1.2774E-03
 2.7288E+01 1.2149E-03
 2.8122E+01 1.1535E-03
 2.8956E+01 1.0937E-03
 2.9790E+01 1.0353E-03
 3.0624E+01 9.7847E-04
 3.1458E+01 9.2331E-04
 3.2292E+01 8.7005E-04
 3.3126E+01 8.1855E-04
 3.3959E+01 7.6896E-04
 3.4793E+01 7.2126E-04
 3.5627E+01 6.7543E-04
 3.6461E+01 6.3136E-04
 3.7295E+01 5.8944E-04
 3.8129E+01 5.4945E-04
 3.8963E+01 5.1135E-04
 3.9797E+01 4.7514E-04
 4.0631E+01 4.4080E-04
 4.1464E+01 4.0840E-04
 4.2298E+01 3.7772E-04
 4.3132E+01 3.4883E-04
 4.3966E+01 3.2165E-04
 4.4800E+01 2.9612E-04
 4.5634E+01 2.7220E-04
 4.6468E+01 2.4980E-04
 4.7302E+01 2.2894E-04
 4.8136E+01 2.0949E-04
 4.8969E+01 1.9138E-04
 4.9803E+01 1.7455E-04
 5.0637E+01 1.5898E-04
 5.1471E+01 1.4457E-04
 5.2305E+01 1.3127E-04
 5.3139E+01 1.1899E-04
 5.3973E+01 1.0770E-04
 5.4807E+01 9.7334E-05
 5.5641E+01 8.7825E-05
 5.6474E+01 7.9129E-05
 5.7308E+01 7.1177E-05
 5.8142E+01 6.3939E-05
 5.8976E+01 5.7334E-05
 5.9810E+01 5.1333E-05
 6.0644E+01 4.5897E-05
 6.1478E+01 4.0966E-05
 6.2312E+01 3.6506E-05
 6.3146E+01 3.2492E-05
 6.3980E+01 2.8869E-05
 6.4813E+01 2.5608E-05
 6.5647E+01 2.2685E-05
 6.6481E+01 2.0062E-05
 6.7315E+01 1.7714E-05
 6.8149E+01 1.5618E-05
 6.8983E+01 1.3750E-05
 6.9817E+01 1.2085E-05
 7.0651E+01 1.0606E-05
 7.1484E+01 9.2936E-06
 7.2318E+01 8.1303E-06
 7.3152E+01 7.1021E-06
 7.3986E+01 6.1944E-06
 7.4820E+01 5.3942E-06
 7.5654E+01 4.6904E-06
 7.6488E+01 4.0718E-06
 7.7322E+01 3.5293E-06
 7.8156E+01 3.0548E-06
 7.8990E+01 2.6401E-06
 7.9823E+01 2.2773E-06
 8.0657E+01 1.9620E-06
 8.1491E+01 1.6876E-06
 8.2325E+01 1.4492E-06
 8.3159E+01 1.2427E-06
 8.3993E+01 1.0640E-06
 8.4827E+01 9.0956E-07
 8.5661E+01 7.7630E-07
 8.6495E+01 6.6160E-07
 8.7328E+01 5.6294E-07
 8.8162E+01 4.7821E-07
 8.8996E+01 4.0567E-07
 8.9830E+01 3.4356E-07
 9.0664E+01 2.9052E-07
 9.1498E+01 2.4531E-07
 9.2332E+01 2.0681E-07
 9.3166E+01 1.7406E-07
 9.4000E+01 1.4628E-07
 9.4833E+01 1.2277E-07
 9.5667E+01 1.0286E-07
 9.6501E+01 8.6031E-08
 9.7335E+01 7.1869E-08
 9.8169E+01 5.9937E-08
 9.9003E+01 4.9909E-08
 9.9837E+01 4.1489E-08
 1.0067E+02 3.4444E-08
 1.0150E+02 2.8548E-08
 1.0234E+02 2.3623E-08
 1.0317E+02 1.9517E-08
 1.0401E+02 1.6103E-08
 1.0484E+02 1.3264E-08
 1.0567E+02 1.0908E-08
 1.0651E+02 8.9574E-09
 1.0734E+02 7.3450E-09
 1.0818E+02 6.0124E-09
 1.0901E+02 4.9145E-09
 1.0984E+02 4.0107E-09
 1.1068E+02 3.2680E-09
 1.1151E+02 2.6589E-09
 1.1235E+02 2.1601E-09
 1.1318E+02 1.7519E-09
 1.1401E+02 1.4188E-09
 1.1485E+02 1.1471E-09
 1.1568E+02 9.2621E-10
 1.1651E+02 7.4662E-10
 1.1735E+02 6.0086E-10
 1.1818E+02 4.8284E-10
 1.1902E+02 3.8744E-10
 1.1985E+02 3.1038E-10
 1.2068E+02 2.4826E-10
 1.2152E+02 1.9827E-10
 1.2235E+02 1.5811E-10
 1.2319E+02 1.2588E-10
 1.2402E+02 1.0007E-10
 1.2485E+02 7.9423E-11
 1.2569E+02 6.2948E-11
 1.2652E+02 4.9807E-11
 1.2736E+02 3.9350E-11
 1.2819E+02 3.1039E-11
 1.2902E+02 2.4448E-11
 1.2986E+02 1.9227E-11
 1.3069E+02 1.5096E-11
 1.3152E+02 1.1836E-11
 1.3236E+02 9.2645E-12
 1.3319E+02 7.2400E-12
 1.3403E+02 5.6501E-12
 1.3486E+02 4.4022E-12
 1.3569E+02 3.4246E-12
 1.3653E+02 2.6598E-12
 1.3736E+02 2.0629E-12
 1.3820E+02 1.5974E-12
 1.3903E+02 1.2350E-12
 1.3986E+02 9.5344E-13
 1.4070E+02 7.3483E-13
 1.4153E+02 5.6551E-13
 1.4237E+02 4.3453E-13
 1.4320E+02 3.3337E-13
 1.4403E+02 2.5535E-13
 1.4487E+02 1.9528E-13
 1.4570E+02 1.4913E-13
 1.4653E+02 1.1372E-13
 1.4737E+02 8.6569E-14
 1.4820E+02 6.5803E-14
 1.4904E+02 4.9936E-14
 1.4987E+02 3.7843E-14
 1.5070E+02 2.8634E-14
 1.5154E+02 2.1629E-14
 1.5237E+02 1.6316E-14
 1.5321E+02 1.2286E-14
 1.5404E+02 9.2390E-15
 1.5487E+02 6.9364E-15
 1.5571E+02 5.1995E-15
 1.5654E+02 3.8916E-15
 1.5738E+02 2.9083E-15
 1.5821E+02 2.1699E-15
 1.5904E+02 1.6167E-15
 1.5988E+02 1.2026E-15
 1.6071E+02 8.9316E-16
 1.6154E+02 6.6231E-16
 1.6238E+02 4.9037E-16
 1.6321E+02 3.6250E-16
 1.6405E+02 2.6758E-16
 1.6488E+02 1.9720E-16
 1.6571E+02 1.4511E-16
 1.6655E+02 1.0661E-16
