-1.6617E+02 1.3575E-16
-1.6534E+02 1.8447E-16
-1.6451E+02 2.5030E-16
-1.6367E+02 3.3907E-16
-1.6284E+02 4.5873E-16
-1.6200E+02 6.1947E-16
-1.6117E+02 8.3549E-16
-1.6034E+02 1.1248E-15
-1.5950E+02 1.5122E-15
-1.5867E+02 2.0299E-15
-1.5784E+02 2.7206E-15
-1.5700E+02 3.6404E-15
-1.5617E+02 4.8636E-15
-1.5533E+02 6.4881E-15
-1.5450E+02 8.6413E-15
-1.5367E+02 1.1492E-14
-1.5283E+02 1.5260E-14
-1.5200E+02 2.0233E-14
-1.5116E+02 2.6784E-14
-1.5033E+02 3.5402E-14
-1.4950E+02 4.6712E-14
-1.4866E+02 6.1555E-14
-1.4783E+02 8.0974E-14
-1.4699E+02 1.0636E-13
-1.4616E+02 1.3950E-13
-1.4533E+02 1.8270E-13
-1.4449E+02 2.3886E-13
-1.4366E+02 3.1182E-13
-1.4283E+02 4.0641E-13
-1.4199E+02 5.2898E-13
-1.4116E+02 6.8728E-13
-1.4032E+02 8.9185E-13
-1.3949E+02 1.1552E-12
-1.3866E+02 1.4942E-12
-1.3782E+02 1.9297E-12
-1.3699E+02 2.4880E-12
-1.3615E+02 3.2029E-12
-1.3532E+02 4.1177E-12
-1.3449E+02 5.2847E-12
-1.3365E+02 6.7725E-12
-1.3282E+02 8.6649E-12
-1.3198E+02 1.1069E-11
-1.3115E+02 1.4119E-11
-1.3032E+02 1.7983E-11
-1.2948E+02 2.2867E-11
-1.2865E+02 2.9035E-11
-1.2782E+02 3.6801E-11
-1.2698E+02 4.6596E-11
-1.2615E+02 5.8869E-11
-1.2531E+02 7.4286E-11
-1.2448E+02 9.3597E-11
-1.2365E+02 1.1774E-10
-1.2281E+02 1.4787E-10
-1.2198E+02 1.8544E-10
-1.2114E+02 2.3221E-10
-1.2031E+02 2.9029E-10
-1.1948E+02 3.6236E-10
-1.1864E+02 4.5163E-10
-1.1781E+02 5.6197E-10
-1.1697E+02 6.9826E-10
-1.1614E+02 8.6625E-10
-1.1531E+02 1.0730E-09
-1.1447E+02 1.3270E-09
-1.1364E+02 1.6385E-09
-1.1281E+02 2.0203E-09
-1.1197E+02 2.4870E-09
-1.1114E+02 3.0564E-09
-1.1030E+02 3.7507E-09
-1.0947E+02 4.5964E-09
-1.0864E+02 5.6232E-09
-1.0780E+02 6.8685E-09
-1.0697E+02 8.3777E-09
-1.0613E+02 1.0203E-08
-1.0530E+02 1.2406E-08
-1.0447E+02 1.5059E-08
-1.0363E+02 1.8253E-08
-1.0280E+02 2.2093E-08
-1.0196E+02 2.6697E-08
-1.0113E+02 3.2213E-08
-1.0030E+02 3.8802E-08
-9.9463E+01 4.6670E-08
-9.8629E+01 5.6061E-08
-9.7795E+01 6.7213E-08
-9.6961E+01 8.0470E-08
-9.6127E+01 9.6194E-08
-9.5293E+01 1.1482E-07
-9.4459E+01 1.3681E-07
-9.3626E+01 1.6281E-07
-9.2792E+01 1.9339E-07
-9.1958E+01 2.2943E-07
-9.1124E+01 2.7170E-07
-9.0290E+01 3.2131E-07
-8.9456E+01 3.7936E-07
-8.8622E+01 4.4723E-07
-8.7788E+01 5.2643E-07
-8.6954E+01 6.1862E-07
-8.6121E+01 7.2595E-07
-8.5287E+01 8.5060E-07
-8.4453E+01 9.9488E-07
-8.3619E+01 1.1622E-06
-8.2785E+01 1.3553E-06
-8.1951E+01 1.5781E-06
-8.1117E+01 1.8348E-06
-8.0283E+01 2.1299E-06
-7.9449E+01 2.4682E-06
-7.8616E+01 2.8567E-06
-7.7782E+01 3.3006E-06
-7.6948E+01 3.8080E-06
-7.6114E+01 4.3866E-06
-7.5280E+01 5.0442E-06
-7.4446E+01 5.7928E-06
-7.3612E+01 6.6418E-06
-7.2778E+01 7.6033E-06
-7.1944E+01 8.6905E-06
-7.1111E+01 9.9180E-06
-7.0277E+01 1.1301E-05
-6.9443E+01 1.2857E-05
-6.8609E+01 1.4606E-05
-6.7775E+01 1.6566E-05
-6.6941E+01 1.8762E-05
-6.6107E+01 2.1213E-05
-6.5273E+01 2.3948E-05
-6.4439E+01 2.6996E-05
-6.3606E+01 3.0384E-05
-6.2772E+01 3.4141E-05
-6.1938E+01 3.8307E-05
-6.1104E+01 4.2915E-05
-6.0270E+01 4.8002E-05
-5.9436E+01 5.3602E-05
-5.8602E+01 5.9784E-05
-5.7768E+01 6.6557E-05
-5.6934E+01 7.3994E-05
-5.6101E+01 8.2120E-05
-5.5267E+01 9.1009E-05
-5.4433E+01 1.0070E-04
-5.3599E+01 1.1125E-04
-5.2765E+01 1.2273E-04
-5.1931E+01 1.3518E-04
-5.1097E+01 1.4866E-04
-5.0263E+01 1.6322E-04
-4.9429E+01 1.7894E-04
-4.8596E+01 1.9585E-04
-4.7762E+01 2.1403E-04
-4.6928E+01 2.3361E-04
-4.6094E+01 2.5449E-04
-4.5260E+01 2.7690E-04
-4.4426E+01 3.0075E-04
-4.3592E+01 3.2614E-04
-4.2758E+01 3.5316E-04
-4.1924E+01 3.8183E-04
-4.1091E+01 4.1218E-04
-4.0257E+01 4.4427E-04
-3.9423E+01 4.7811E-04
-3.8589E+01 5.1373E-04
-3.7755E+01 5.5118E-04
-3.6921E+01 5.9033E-04
-3.6087E+01 6.3131E-04
-3.5253E+01 6.7430E-04
-3.4419E+01 7.1895E-04
-3.3586E+01 7.6534E-04
-3.2752E+01 8.1356E-04
-3.1918E+01 8.6339E-04
-3.1084E+01 9.1493E-04
-3.0250E+01 9.6794E-04
-2.9416E+01 1.0226E-03
-2.8582E+01 1.0785E-03
-2.7748E+01 1.1358E-03
-2.6914E+01 1.1943E-03
-2.6081E+01 1.2539E-03
-2.5247E+01 1.3143E-03
-2.4413E+01 1.3757E-03
-2.3579E+01 1.4377E-03
-2.2745E+01 1.5003E-03
-2.1911E+01 1.5631E-03
-2.1077E+01 1.6259E-03
-2.0243E+01 1.6886E-03
-1.9409E+01 1.7508E-03
-1.8576E+01 1.8121E-03
-1.7742E+01 1.8731E-03
-1.6908E+01 1.9332E-03
-1.6074E+01 1.9923E-03
-1.5240E+01 2.0500E-03
-1.4406E+01 2.1062E-03
-1.3572E+01 2.1609E-03
-1.2738E+01 2.2132E-03
-1.1904E+01 2.2636E-03
-1.1071E+01 2.3113E-03
-1.0237E+01 2.3564E-03
-9.4028E+00 2.3986E-03
-8.5689E+00 2.4385E-03
-7.7350E+00 2.4747E-03
-6.9011E+00 2.5074E-03
-6.0672E+00 2.5370E-03
-5.2333E+00 2.5627E-03
-4.3994E+00 2.5842E-03
-3.5655E+00 2.6030E-03
-2.7317E+00 2.6169E-03
-1.8978E+00 2.6270E-03
-1.0639E+00 2.6330E-03
-2.2998E-01 2.6350E-03
 6.0391E-01 2.6329E-03
 1.4378E+00 2.6270E-03
 2.2717E+00 2.6169E-03
 3.1056E+00 2.6029E-03
 3.9395E+00 2.5841E-03
 4.7734E+00 2.5626E-03
 5.6072E+00 2.5369E-03
 6.4411E+00 2.5073E-03
 7.2750E+00 2.4745E-03
 8.1089E+00 2.4384E-03
 8.9428E+00 2.3985E-03
 9.7767E+00 2.3562E-03
 1.0611E+01 2.3113E-03
 1.1444E+01 2.2634E-03
 1.2278E+01 2.2130E-03
 1.3112E+01 2.1606E-03
 1.3946E+01 2.1062E-03
 1.4780E+01 2.0498E-03
 1.5614E+01 1.9921E-03
 1.6448E+01 1.9329E-03
 1.7282E+01 1.8729E-03
 1.8116E+01 1.8120E-03
 1.8949E+01 1.7505E-03
 1.9783E+01 1.6884E-03
 2.0617E+01 1.6258E-03
 2.1451E+01 1.5630E-03
 2.2285E+01 1.5001E-03
 2.3119E+01 1.4377E-03
 2.3953E+01 1.3756E-03
 2.4787E+01 1.3144E-03
 2.5621E+01 1.2538E-03
 2.6454E+01 1.1942E-03
 2.7288E+01 1.1357E-03
 2.8122E+01 1.0784E-03
 2.8956E+01 1.0224E-03
 2.9790E+01 9.6779E-04
 3.0624E+01 9.1484E-04
 3.1458E+01 8.6331E-04
 3.2292E+01 8.1344E-04
 3.3126E+01 7.6524E-04
 3.3959E+01 7.1877E-04
 3.4793E+01 6.7414E-04
 3.5627E+01 6.3127E-04
 3.6461E+01 5.9030E-04
 3.7295E+01 5.5110E-04
 3.8129E+01 5.1366E-04
 3.8963E+01 4.7799E-04
 3.9797E+01 4.4419E-04
 4.0631E+01 4.1211E-04
 4.1464E+01 3.8174E-04
 4.2298E+01 3.5311E-04
 4.3132E+01 3.2609E-04
 4.3966E+01 3.0069E-04
 4.4800E+01 2.7684E-04
 4.5634E+01 2.5445E-04
 4.6468E+01 2.3357E-04
 4.7302E+01 2.1402E-04
 4.8136E+01 1.9579E-04
 4.8969E+01 1.7888E-04
 4.9803E+01 1.6320E-04
 5.0637E+01 1.4863E-04
 5.1471E+01 1.3516E-04
 5.2305E+01 1.2271E-04
 5.3139E+01 1.1124E-04
 5.3973E+01 1.0067E-04
 5.4807E+01 9.0993E-05
 5.5641E+01 8.2105E-05
 5.6474E+01 7.3972E-05
 5.7308E+01 6.6548E-05
 5.8142E+01 5.9770E-05
 5.8976E+01 5.3599E-05
 5.9810E+01 4.7988E-05
 6.0644E+01 4.2905E-05
 6.1478E+01 3.8296E-05
 6.2312E+01 3.4135E-05
 6.3146E+01 3.0376E-05
 6.3980E+01 2.6990E-05
 6.4813E+01 2.3942E-05
 6.5647E+01 2.1208E-05
 6.6481E+01 1.8756E-05
 6.7315E+01 1.6562E-05
 6.8149E+01 1.4604E-05
 6.8983E+01 1.2854E-05
 6.9817E+01 1.1298E-05
 7.0651E+01 9.9154E-06
 7.1484E+01 8.6879E-06
 7.2318E+01 7.6005E-06
 7.3152E+01 6.6397E-06
 7.3986E+01 5.7910E-06
 7.4820E+01 5.0429E-06
 7.5654E+01 4.3850E-06
 7.6488E+01 3.8065E-06
 7.7322E+01 3.2995E-06
 7.8156E+01 2.8557E-06
 7.8990E+01 2.4679E-06
 7.9823E+01 2.1292E-06
 8.0657E+01 1.8343E-06
 8.1491E+01 1.5776E-06
 8.2325E+01 1.3549E-06
 8.3159E+01 1.1617E-06
 8.3993E+01 9.9464E-07
 8.4827E+01 8.5016E-07
 8.5661E+01 7.2580E-07
 8.6495E+01 6.1850E-07
 8.7328E+01 5.2627E-07
 8.8162E+01 4.4707E-07
 8.8996E+01 3.7923E-07
 8.9830E+01 3.2119E-07
 9.0664E+01 2.7162E-07
 9.1498E+01 2.2933E-07
 9.2332E+01 1.9334E-07
 9.3166E+01 1.6274E-07
 9.4000E+01 1.3677E-07
 9.4833E+01 1.1477E-07
 9.5667E+01 9.6159E-08
 9.6501E+01 8.0438E-08
 9.7335E+01 6.7179E-08
 9.8169E+01 5.6029E-08
 9.9003E+01 4.6650E-08
 9.9837E+01 3.8790E-08
 1.0067E+02 3.2200E-08
 1.0150E+02 2.6684E-08
 1.0234E+02 2.2082E-08
 1.0317E+02 1.8248E-08
 1.0401E+02 1.5055E-08
 1.0484E+02 1.2400E-08
 1.0567E+02 1.0199E-08
 1.0651E+02 8.3750E-09
 1.0734E+02 6.8660E-09
 1.0818E+02 5.6209E-09
 1.0901E+02 4.5944E-09
 1.0984E+02 3.7497E-09
 1.1068E+02 3.0553E-09
 1.1151E+02 2.4859E-09
 1.1235E+02 2.0192E-09
 1.1318E+02 1.6378E-09
 1.1401E+02 1.3263E-09
 1.1485E+02 1.0725E-09
 1.1568E+02 8.6572E-10
 1.1651E+02 6.9789E-10
 1.1735E+02 5.6171E-10
 1.1818E+02 4.5140E-10
 1.1902E+02 3.6218E-10
 1.1985E+02 2.9015E-10
 1.2068E+02 2.3208E-10
 1.2152E+02 1.8537E-10
 1.2235E+02 1.4781E-10
 1.2319E+02 1.1768E-10
 1.2402E+02 9.3548E-11
 1.2485E+02 7.4248E-11
 1.2569E+02 5.8850E-11
 1.2652E+02 4.6559E-11
 1.2736E+02 3.6789E-11
 1.2819E+02 2.9019E-11
 1.2902E+02 2.2856E-11
 1.2986E+02 1.7973E-11
 1.3069E+02 1.4113E-11
 1.3152E+02 1.1064E-11
 1.3236E+02 8.6601E-12
 1.3319E+02 6.7685E-12
 1.3403E+02 5.2817E-12
 1.3486E+02 4.1154E-12
 1.3569E+02 3.2017E-12
 1.3653E+02 2.4869E-12
 1.3736E+02 1.9284E-12
 1.3820E+02 1.4933E-12
 1.3903E+02 1.1546E-12
 1.3986E+02 8.9121E-13
 1.4070E+02 6.8693E-13
 1.4153E+02 5.2865E-13
 1.4237E+02 4.0619E-13
 1.4320E+02 3.1164E-13
 1.4403E+02 2.3873E-13
 1.4487E+02 1.8258E-13
 1.4570E+02 1.3941E-13
 1.4653E+02 1.0630E-13
 1.4737E+02 8.0927E-14
 1.4820E+02 6.1514E-14
 1.4904E+02 4.6687E-14
 1.4987E+02 3.5381E-14
 1.5070E+02 2.6767E-14
 1.5154E+02 2.0219E-14
 1.5237E+02 1.5252E-14
 1.5321E+02 1.1486E-14
 1.5404E+02 8.6370E-15
 1.5487E+02 6.4836E-15
 1.5571E+02 4.8609E-15
 1.5654E+02 3.6379E-15
 1.5738E+02 2.7186E-15
 1.5821E+02 2.0283E-15
 1.5904E+02 1.5113E-15
 1.5988E+02 1.1242E-15
 1.6071E+02 8.3488E-16
 1.6154E+02 6.1913E-16
 1.6238E+02 4.5838E-16
 1.6321E+02 3.3887E-16
 1.6405E+02 2.5013E-16
 1.6488E+02 1.8435E-16
 1.6571E+02 1.3564E-16
 1.6655E+02 9.9662E-17
