 7.5125E+03 2.8715E+16
 7.5250E+03 2.8683E+16
 7.5375E+03 2.8647E+16
 7.5500E+03 2.8610E+16
 7.5625E+03 2.8574E+16
 7.5750E+03 2.8537E+16
 7.5875E+03 2.8501E+16
 7.6000E+03 2.8465E+16
 7.6125E+03 2.8429E+16
 7.6250E+03 2.8391E+16
 7.6375E+03 2.8355E+16
 7.6500E+03 2.8320E+16
 7.6625E+03 2.8282E+16
 7.6750E+03 2.8246E+16
 7.6875E+03 2.8210E+16
 7.7000E+03 2.8174E+16
 7.7125E+03 2.8138E+16
 7.7250E+03 2.8100E+16
 7.7375E+03 2.8064E+16
 7.7500E+03 2.8030E+16
 7.7625E+03 2.7994E+16
 7.7750E+03 2.7958E+16
 7.7875E+03 2.7921E+16
 7.8000E+03 2.7884E+16
 7.8125E+03 2.7849E+16
 7.8250E+03 2.7813E+16
 7.8375E+03 2.7777E+16
 7.8500E+03 2.7742E+16
 7.8625E+03 2.7706E+16
 7.8750E+03 2.7671E+16
 7.8875E+03 2.7636E+16
 7.9000E+03 2.7598E+16
 7.9125E+03 2.7563E+16
 7.9250E+03 2.7528E+16
 7.9375E+03 2.7492E+16
 7.9500E+03 2.7455E+16
 7.9625E+03 2.7420E+16
 7.9750E+03 2.7385E+16
 7.9875E+03 2.7349E+16
 8.0000E+03 2.7314E+16
 8.0125E+03 2.7278E+16
 8.0250E+03 2.7244E+16
 8.0375E+03 2.7210E+16
 8.0500E+03 2.7174E+16
 8.0625E+03 2.7138E+16
 8.0750E+03 2.7104E+16
 8.0875E+03 2.7069E+16
 8.1000E+03 2.7033E+16
 8.1125E+03 2.6999E+16
 8.1250E+03 2.6965E+16
 8.1375E+03 2.6931E+16
 8.1500E+03 2.6896E+16
 8.1625E+03 2.6860E+16
 8.1750E+03 2.6824E+16
 8.1875E+03 2.6788E+16
 8.2000E+03 2.6754E+16
 8.2125E+03 2.6719E+16
 8.2250E+03 2.6685E+16
 8.2375E+03 2.6651E+16
 8.2500E+03 2.6614E+16
 8.2625E+03 2.6580E+16
 8.2750E+03 2.6546E+16
 8.2875E+03 2.6511E+16
 8.3000E+03 2.6477E+16
 8.3125E+03 2.6441E+16
 8.3250E+03 2.6408E+16
 8.3375E+03 2.6375E+16
 8.3500E+03 2.6339E+16
 8.3625E+03 2.6305E+16
 8.3750E+03 2.6270E+16
 8.3875E+03 2.6235E+16
 8.4000E+03 2.6201E+16
 8.4125E+03 2.6168E+16
 8.4250E+03 2.6134E+16
 8.4375E+03 2.6101E+16
 8.4500E+03 2.6068E+16
 8.4625E+03 2.6032E+16
 8.4750E+03 2.5998E+16
 8.4875E+03 2.5966E+16
 8.5000E+03 2.5932E+16
 8.5125E+03 2.5897E+16
 8.5250E+03 2.5863E+16
 8.5375E+03 2.5830E+16
 8.5500E+03 2.5796E+16
 8.5625E+03 2.5761E+16
 8.5750E+03 2.5725E+16
 8.5875E+03 2.5693E+16
 8.6000E+03 2.5660E+16
 8.6125E+03 2.5627E+16
 8.6250E+03 2.5593E+16
 8.6375E+03 2.5560E+16
 8.6500E+03 2.5527E+16
 8.6625E+03 2.5493E+16
 8.6750E+03 2.5461E+16
 8.6875E+03 2.5426E+16
 8.7000E+03 2.5393E+16
 8.7125E+03 2.5362E+16
 8.7250E+03 2.5328E+16
 8.7375E+03 2.5295E+16
 8.7500E+03 2.5265E+16
 8.7625E+03 2.5231E+16
 8.7750E+03 2.5198E+16
 8.7875E+03 2.5164E+16
 8.8000E+03 2.5131E+16
 8.8125E+03 2.5098E+16
 8.8250E+03 2.5066E+16
 8.8375E+03 2.5035E+16
 8.8500E+03 2.5002E+16
 8.8625E+03 2.4971E+16
 8.8750E+03 2.4937E+16
 8.8875E+03 2.4905E+16
 8.9000E+03 2.4872E+16
 8.9125E+03 2.4838E+16
 8.9250E+03 2.4806E+16
 8.9375E+03 2.4774E+16
 8.9500E+03 2.4743E+16
 8.9625E+03 2.4711E+16
 8.9750E+03 2.4679E+16
 8.9875E+03 2.4647E+16
 9.0000E+03 2.4615E+16
 9.0125E+03 2.4582E+16
 9.0250E+03 2.4549E+16
 9.0375E+03 2.4516E+16
 9.0500E+03 2.4485E+16
 9.0625E+03 2.4451E+16
 9.0750E+03 2.4421E+16
 9.0875E+03 2.4389E+16
 9.1000E+03 2.4358E+16
 9.1125E+03 2.4326E+16
 9.1250E+03 2.4295E+16
 9.1375E+03 2.4260E+16
 9.1500E+03 2.4228E+16
 9.1625E+03 2.4195E+16
 9.1750E+03 2.4163E+16
 9.1875E+03 2.4132E+16
 9.2000E+03 2.4100E+16
 9.2125E+03 2.4069E+16
 9.2250E+03 2.4040E+16
 9.2375E+03 2.4008E+16
 9.2500E+03 2.3978E+16
 9.2625E+03 2.3945E+16
 9.2750E+03 2.3913E+16
 9.2875E+03 2.3882E+16
 9.3000E+03 2.3848E+16
 9.3125E+03 2.3815E+16
 9.3250E+03 2.3785E+16
 9.3375E+03 2.3754E+16
 9.3500E+03 2.3720E+16
 9.3625E+03 2.3691E+16
 9.3750E+03 2.3658E+16
 9.3875E+03 2.3629E+16
 9.4000E+03 2.3597E+16
 9.4125E+03 2.3567E+16
 9.4250E+03 2.3533E+16
 9.4375E+03 2.3504E+16
 9.4500E+03 2.3472E+16
 9.4625E+03 2.3441E+16
 9.4750E+03 2.3410E+16
 9.4875E+03 2.3380E+16
 9.5000E+03 2.3348E+16
 9.5125E+03 2.3317E+16
 9.5250E+03 2.3286E+16
 9.5375E+03 2.3256E+16
 9.5500E+03 2.3227E+16
 9.5625E+03 2.3195E+16
 9.5750E+03 2.3163E+16
 9.5875E+03 2.3134E+16
 9.6000E+03 2.3106E+16
 9.6125E+03 2.3075E+16
 9.6250E+03 2.3042E+16
 9.6375E+03 2.3013E+16
 9.6500E+03 2.2983E+16
 9.6625E+03 2.2954E+16
 9.6750E+03 2.2923E+16
 9.6875E+03 2.2892E+16
 9.7000E+03 2.2862E+16
 9.7125E+03 2.2834E+16
 9.7250E+03 2.2804E+16
 9.7375E+03 2.2774E+16
 9.7500E+03 2.2744E+16
 9.7625E+03 2.2715E+16
 9.7750E+03 2.2685E+16
 9.7875E+03 2.2656E+16
 9.8000E+03 2.2624E+16
 9.8125E+03 2.2595E+16
 9.8250E+03 2.2565E+16
 9.8375E+03 2.2537E+16
 9.8500E+03 2.2507E+16
 9.8625E+03 2.2475E+16
 9.8750E+03 2.2446E+16
 9.8875E+03 2.2418E+16
 9.9000E+03 2.2388E+16
 9.9125E+03 2.2358E+16
 9.9250E+03 2.2329E+16
 9.9375E+03 2.2299E+16
 9.9500E+03 2.2271E+16
 9.9625E+03 2.2241E+16
 9.9750E+03 2.2211E+16
 9.9875E+03 2.2180E+16
 1.0000E+04 2.2152E+16
