-1.6617E+02 1.0000E+00
-1.6534E+02 1.0000E+00
-1.6451E+02 1.0000E+00
-1.6367E+02 1.0000E+00
-1.6284E+02 1.0000E+00
-1.6200E+02 1.0000E+00
-1.6117E+02 1.0000E+00
-1.6034E+02 1.0000E+00
-1.5950E+02 1.0000E+00
-1.5867E+02 1.0000E+00
-1.5784E+02 1.0000E+00
-1.5700E+02 1.0000E+00
-1.5617E+02 1.0000E+00
-1.5533E+02 1.0000E+00
-1.5450E+02 1.0000E+00
-1.5367E+02 1.0000E+00
-1.5283E+02 1.0000E+00
-1.5200E+02 1.0000E+00
-1.5116E+02 1.0000E+00
-1.5033E+02 1.0000E+00
-1.4950E+02 1.0000E+00
-1.4866E+02 1.0000E+00
-1.4783E+02 1.0000E+00
-1.4699E+02 1.0000E+00
-1.4616E+02 1.0000E+00
-1.4533E+02 1.0000E+00
-1.4449E+02 1.0000E+00
-1.4366E+02 1.0000E+00
-1.4283E+02 1.0000E+00
-1.4199E+02 1.0000E+00
-1.4116E+02 1.0000E+00
-1.4032E+02 1.0000E+00
-1.3949E+02 1.0000E+00
-1.3866E+02 1.0000E+00
-1.3782E+02 1.0000E+00
-1.3699E+02 1.0000E+00
-1.3615E+02 1.0000E+00
-1.3532E+02 1.0000E+00
-1.3449E+02 1.0000E+00
-1.3365E+02 1.0000E+00
-1.3282E+02 1.0000E+00
-1.3198E+02 1.0000E+00
-1.3115E+02 1.0000E+00
-1.3032E+02 1.0000E+00
-1.2948E+02 1.0000E+00
-1.2865E+02 1.0000E+00
-1.2782E+02 1.0000E+00
-1.2698E+02 1.0000E+00
-1.2615E+02 1.0000E+00
-1.2531E+02 1.0000E+00
-1.2448E+02 1.0000E+00
-1.2365E+02 1.0000E+00
-1.2281E+02 1.0000E+00
-1.2198E+02 1.0000E+00
-1.2114E+02 1.0000E+00
-1.2031E+02 1.0000E+00
-1.1948E+02 1.0000E+00
-1.1864E+02 1.0000E+00
-1.1781E+02 1.0000E+00
-1.1697E+02 1.0000E+00
-1.1614E+02 1.0000E+00
-1.1531E+02 1.0000E+00
-1.1447E+02 1.0000E+00
-1.1364E+02 1.0000E+00
-1.1281E+02 1.0000E+00
-1.1197E+02 1.0000E+00
-1.1114E+02 1.0000E+00
-1.1030E+02 1.0000E+00
-1.0947E+02 1.0000E+00
-1.0864E+02 1.0000E+00
-1.0780E+02 1.0000E+00
-1.0697E+02 1.0000E+00
-1.0613E+02 1.0000E+00
-1.0530E+02 1.0000E+00
-1.0447E+02 1.0000E+00
-1.0363E+02 1.0000E+00
-1.0280E+02 1.0000E+00
-1.0196E+02 1.0000E+00
-1.0113E+02 1.0000E+00
-1.0030E+02 1.0000E+00
-9.9463E+01 1.0000E+00
-9.8629E+01 1.0000E+00
-9.7795E+01 1.0000E+00
-9.6961E+01 1.0000E+00
-9.6127E+01 1.0000E+00
-9.5293E+01 1.0000E+00
-9.4459E+01 1.0000E+00
-9.3626E+01 1.0000E+00
-9.2792E+01 1.0000E+00
-9.1958E+01 1.0000E+00
-9.1124E+01 1.0000E+00
-9.0290E+01 1.0000E+00
-8.9456E+01 1.0000E+00
-8.8622E+01 1.0000E+00
-8.7788E+01 1.0000E+00
-8.6954E+01 1.0000E+00
-8.6121E+01 1.0000E+00
-8.5287E+01 1.0000E+00
-8.4453E+01 1.0000E+00
-8.3619E+01 1.0000E+00
-8.2785E+01 1.0000E+00
-8.1951E+01 1.0000E+00
-8.1117E+01 1.0000E+00
-8.0283E+01 1.0000E+00
-7.9449E+01 1.0000E+00
-7.8616E+01 1.0000E+00
-7.7782E+01 1.0000E+00
-7.6948E+01 1.0000E+00
-7.6114E+01 1.0000E+00
-7.5280E+01 1.0000E+00
-7.4446E+01 1.0000E+00
-7.3612E+01 1.0000E+00
-7.2778E+01 1.0000E+00
-7.1944E+01 1.0000E+00
-7.1111E+01 1.0000E+00
-7.0277E+01 1.0000E+00
-6.9443E+01 1.0000E+00
-6.8609E+01 1.0000E+00
-6.7775E+01 1.0000E+00
-6.6941E+01 1.0000E+00
-6.6107E+01 1.0000E+00
-6.5273E+01 1.0000E+00
-6.4439E+01 1.0000E+00
-6.3606E+01 1.0000E+00
-6.2772E+01 1.0000E+00
-6.1938E+01 1.0000E+00
-6.1104E+01 1.0000E+00
-6.0270E+01 1.0000E+00
-5.9436E+01 1.0000E+00
-5.8602E+01 1.0000E+00
-5.7768E+01 1.0000E+00
-5.6934E+01 1.0000E+00
-5.6101E+01 1.0000E+00
-5.5267E+01 1.0000E+00
-5.4433E+01 1.0000E+00
-5.3599E+01 1.0000E+00
-5.2765E+01 1.0000E+00
-5.1931E+01 1.0000E+00
-5.1097E+01 1.0000E+00
-5.0263E+01 1.0000E+00
-4.9429E+01 1.0000E+00
-4.8596E+01 1.0000E+00
-4.7762E+01 1.0000E+00
-4.6928E+01 1.0000E+00
-4.6094E+01 1.0000E+00
-4.5260E+01 1.0000E+00
-4.4426E+01 1.0000E+00
-4.3592E+01 1.0000E+00
-4.2758E+01 1.0000E+00
-4.1924E+01 1.0000E+00
-4.1091E+01 1.0000E+00
-4.0257E+01 1.0000E+00
-3.9423E+01 1.0000E+00
-3.8589E+01 1.0000E+00
-3.7755E+01 1.0000E+00
-3.6921E+01 1.0000E+00
-3.6087E+01 1.0000E+00
-3.5253E+01 1.0000E+00
-3.4419E+01 1.0000E+00
-3.3586E+01 1.0000E+00
-3.2752E+01 1.0000E+00
-3.1918E+01 1.0000E+00
-3.1084E+01 1.0000E+00
-3.0250E+01 1.0000E+00
-2.9416E+01 1.0000E+00
-2.8582E+01 1.0000E+00
-2.7748E+01 1.0000E+00
-2.6914E+01 1.0000E+00
-2.6081E+01 1.0000E+00
-2.5247E+01 1.0000E+00
-2.4413E+01 1.0000E+00
-2.3579E+01 1.0000E+00
-2.2745E+01 1.0000E+00
-2.1911E+01 1.0000E+00
-2.1077E+01 1.0000E+00
-2.0243E+01 1.0000E+00
-1.9409E+01 1.0000E+00
-1.8576E+01 1.0000E+00
-1.7742E+01 1.0000E+00
-1.6908E+01 1.0000E+00
-1.6074E+01 1.0000E+00
-1.5240E+01 1.0000E+00
-1.4406E+01 1.0000E+00
-1.3572E+01 1.0000E+00
-1.2738E+01 1.0000E+00
-1.1904E+01 1.0000E+00
-1.1071E+01 1.0000E+00
-1.0237E+01 1.0000E+00
-9.4028E+00 1.0000E+00
-8.5689E+00 1.0000E+00
-7.7350E+00 1.0000E+00
-6.9011E+00 1.0000E+00
-6.0672E+00 1.0000E+00
-5.2333E+00 1.0000E+00
-4.3994E+00 1.0000E+00
-3.5655E+00 1.0000E+00
-2.7317E+00 1.0000E+00
-1.8978E+00 1.0000E+00
-1.0639E+00 1.0000E+00
-2.2998E-01 1.0000E+00
 6.0391E-01 1.0000E+00
 1.4378E+00 1.0000E+00
 2.2717E+00 1.0000E+00
 3.1056E+00 1.0000E+00
 3.9395E+00 1.0000E+00
 4.7734E+00 1.0000E+00
 5.6072E+00 1.0000E+00
 6.4411E+00 1.0000E+00
 7.2750E+00 1.0000E+00
 8.1089E+00 1.0000E+00
 8.9428E+00 1.0000E+00
 9.7767E+00 1.0000E+00
 1.0611E+01 1.0000E+00
 1.1444E+01 1.0000E+00
 1.2278E+01 1.0000E+00
 1.3112E+01 1.0000E+00
 1.3946E+01 1.0000E+00
 1.4780E+01 1.0000E+00
 1.5614E+01 1.0000E+00
 1.6448E+01 1.0000E+00
 1.7282E+01 1.0000E+00
 1.8116E+01 1.0000E+00
 1.8949E+01 1.0000E+00
 1.9783E+01 9.9826E-01
 2.0617E+01 9.8267E-01
 2.1451E+01 9.6693E-01
 2.2285E+01 9.4040E-01
 2.3119E+01 8.9953E-01
 2.3953E+01 8.4214E-01
 2.4787E+01 7.6840E-01
 2.5621E+01 6.8123E-01
 2.6454E+01 5.8581E-01
 2.7288E+01 4.8833E-01
 2.8122E+01 3.9468E-01
 2.8956E+01 3.0959E-01
 2.9790E+01 2.3591E-01
 3.0624E+01 1.7486E-01
 3.1458E+01 1.2618E-01
 3.2292E+01 8.8741E-02
 3.3126E+01 6.0844E-02
 3.3959E+01 4.0690E-02
 3.4793E+01 2.6440E-02
 3.5627E+01 1.6738E-02
 3.6461E+01 1.0322E-02
 3.7295E+01 6.1885E-03
 3.8129E+01 3.6023E-03
 3.8963E+01 2.0331E-03
 3.9797E+01 1.1098E-03
 4.0631E+01 5.8492E-04
 4.1464E+01 2.9699E-04
 4.2298E+01 1.4484E-04
 4.3132E+01 6.7633E-05
 4.3966E+01 3.0126E-05
 4.4800E+01 1.2735E-05
 4.5634E+01 5.0534E-06
 4.6468E+01 1.8909E-06
 4.7302E+01 6.5004E-07
 4.8136E+01 2.0019E-07
 4.8969E+01 5.4374E-08
 4.9803E+01 1.2883E-08
 5.0637E+01 2.6405E-09
 5.1471E+01 4.6622E-10
 5.2305E+01 7.0879E-11
 5.3139E+01 9.2589E-12
 5.3973E+01 1.0348E-12
 5.4807E+01 9.6453E-14
 5.5641E+01 5.5014E-15
 5.6474E+01 3.5772E-16
 5.7308E+01 1.9150E-17
 5.8142E+01 8.3332E-19
 5.8976E+01 2.8952E-20
 5.9810E+01 7.8890E-22
 6.0644E+01 1.6538E-23
 6.1478E+01 2.6004E-25
 6.2312E+01 3.0094E-27
 6.3146E+01 2.4949E-29
 6.3980E+01 1.4347E-31
 6.4813E+01 5.5596E-34
 6.5647E+01 1.4055E-36
 6.6481E+01 2.2328E-39
 6.7315E+01 2.1342E-42
 6.8149E+01 1.4013E-45
 6.8983E+01 0.0000E+00
 6.9817E+01 0.0000E+00
 7.0651E+01 0.0000E+00
 7.1484E+01 0.0000E+00
 7.2318E+01 0.0000E+00
 7.3152E+01 0.0000E+00
 7.3986E+01 0.0000E+00
 7.4820E+01 0.0000E+00
 7.5654E+01 0.0000E+00
 7.6488E+01 0.0000E+00
 7.7322E+01 0.0000E+00
 7.8156E+01 0.0000E+00
 7.8990E+01 0.0000E+00
 7.9823E+01 0.0000E+00
 8.0657E+01 0.0000E+00
 8.1491E+01 0.0000E+00
 8.2325E+01 0.0000E+00
 8.3159E+01 0.0000E+00
 8.3993E+01 0.0000E+00
 8.4827E+01 0.0000E+00
 8.5661E+01 0.0000E+00
 8.6495E+01 0.0000E+00
 8.7328E+01 0.0000E+00
 8.8162E+01 0.0000E+00
 8.8996E+01 0.0000E+00
 8.9830E+01 0.0000E+00
 9.0664E+01 0.0000E+00
 9.1498E+01 0.0000E+00
 9.2332E+01 0.0000E+00
 9.3166E+01 0.0000E+00
 9.4000E+01 0.0000E+00
 9.4833E+01 0.0000E+00
 9.5667E+01 0.0000E+00
 9.6501E+01 0.0000E+00
 9.7335E+01 0.0000E+00
 9.8169E+01 0.0000E+00
 9.9003E+01 0.0000E+00
 9.9837E+01 0.0000E+00
 1.0067E+02 0.0000E+00
 1.0150E+02 0.0000E+00
 1.0234E+02 0.0000E+00
 1.0317E+02 0.0000E+00
 1.0401E+02 0.0000E+00
 1.0484E+02 0.0000E+00
 1.0567E+02 0.0000E+00
 1.0651E+02 0.0000E+00
 1.0734E+02 0.0000E+00
 1.0818E+02 0.0000E+00
 1.0901E+02 0.0000E+00
 1.0984E+02 0.0000E+00
 1.1068E+02 0.0000E+00
 1.1151E+02 0.0000E+00
 1.1235E+02 0.0000E+00
 1.1318E+02 0.0000E+00
 1.1401E+02 0.0000E+00
 1.1485E+02 0.0000E+00
 1.1568E+02 0.0000E+00
 1.1651E+02 0.0000E+00
 1.1735E+02 0.0000E+00
 1.1818E+02 0.0000E+00
 1.1902E+02 0.0000E+00
 1.1985E+02 0.0000E+00
 1.2068E+02 0.0000E+00
 1.2152E+02 0.0000E+00
 1.2235E+02 0.0000E+00
 1.2319E+02 0.0000E+00
 1.2402E+02 0.0000E+00
 1.2485E+02 0.0000E+00
 1.2569E+02 0.0000E+00
 1.2652E+02 0.0000E+00
 1.2736E+02 0.0000E+00
 1.2819E+02 0.0000E+00
 1.2902E+02 0.0000E+00
 1.2986E+02 0.0000E+00
 1.3069E+02 0.0000E+00
 1.3152E+02 0.0000E+00
 1.3236E+02 0.0000E+00
 1.3319E+02 0.0000E+00
 1.3403E+02 0.0000E+00
 1.3486E+02 0.0000E+00
 1.3569E+02 0.0000E+00
 1.3653E+02 0.0000E+00
 1.3736E+02 0.0000E+00
 1.3820E+02 0.0000E+00
 1.3903E+02 0.0000E+00
 1.3986E+02 0.0000E+00
 1.4070E+02 0.0000E+00
 1.4153E+02 0.0000E+00
 1.4237E+02 0.0000E+00
 1.4320E+02 0.0000E+00
 1.4403E+02 0.0000E+00
 1.4487E+02 0.0000E+00
 1.4570E+02 0.0000E+00
 1.4653E+02 0.0000E+00
 1.4737E+02 0.0000E+00
 1.4820E+02 0.0000E+00
 1.4904E+02 0.0000E+00
 1.4987E+02 0.0000E+00
 1.5070E+02 0.0000E+00
 1.5154E+02 0.0000E+00
 1.5237E+02 0.0000E+00
 1.5321E+02 0.0000E+00
 1.5404E+02 0.0000E+00
 1.5487E+02 0.0000E+00
 1.5571E+02 0.0000E+00
 1.5654E+02 0.0000E+00
 1.5738E+02 0.0000E+00
 1.5821E+02 0.0000E+00
 1.5904E+02 0.0000E+00
 1.5988E+02 0.0000E+00
 1.6071E+02 0.0000E+00
 1.6154E+02 0.0000E+00
 1.6238E+02 0.0000E+00
 1.6321E+02 0.0000E+00
 1.6405E+02 0.0000E+00
 1.6488E+02 0.0000E+00
 1.6571E+02 0.0000E+00
 1.6655E+02 0.0000E+00
