   500   701   1   1   0   1      r             |a|^2     emarz=7500.0mu  
  1300   400   1   1   0   1      t/fs            |a|^2   emazz=7500.0mu  
 -1350   400   1   1   0   1      t/fs          arg(a)    emphz=7500.0mu  
 -1.6000E+02  1.7000E+02  6.6711E+01 -4.0000E+00  4.0000E+00  2.0000E+00
  -200   701   1   1   0   1      r             ne        rherz=7500.0mu  
  0.0000E+00  1.0000E+02  4.0000E+01  0.0000E+00  1.5000E+00  5.0000E-01
 -1000   400   1   1   0   1      t/fs          na        natzz=7500.0mu  
 -1.6000E+02  1.7000E+02  6.6711E+01  0.0000E+00  1.5000E+00  5.0000E-01
 -1100   400   1   1   0   1      t/fs          ne        rhezz=7500.0mu  
 -1.6000E+02  1.7000E+02  6.6711E+01  0.0000E+00  1.5000E+00  5.0000E-01
 -1050   400   1   1   0   1      t/fs          ni(1+)    ni1zz=7500.0mu  
 -1.6000E+02  1.7000E+02  6.6711E+01  0.0000E+00  1.5000E+00  5.0000E-01
 -1150   400   1   1   0   1      t/fs          ni(2+)    ni2zz=7500.0mu  
 -1.6000E+02  1.7000E+02  6.6711E+01  0.0000E+00  1.5000E+00  5.0000E-01
 -1200   400   1   1   0   1      t/fs          n0        ni0zz=7500.0mu  
 -1.6000E+02  1.7000E+02  6.6711E+01  0.0000E+00  1.5000E+00  5.0000E-01
   501   701   1   1   0   1      r             |a|^2     emarz=7580.0mu  
  1301   400   1   1   0   1      t/fs            |a|^2   emazz=7580.0mu  
 -1351   400   1   1   0   1      t/fs          arg(a)    emphz=7580.0mu  
 -1.6000E+02  1.7000E+02  6.6711E+01 -4.0000E+00  4.0000E+00  2.0000E+00
  -201   701   1   1   0   1      r             ne        rherz=7580.0mu  
  0.0000E+00  1.0000E+02  4.0000E+01  0.0000E+00  1.5000E+00  5.0000E-01
 -1001   400   1   1   0   1      t/fs          na        natzz=7580.0mu  
 -1.6000E+02  1.7000E+02  6.6711E+01  0.0000E+00  1.5000E+00  5.0000E-01
 -1101   400   1   1   0   1      t/fs          ne        rhezz=7580.0mu  
 -1.6000E+02  1.7000E+02  6.6711E+01  0.0000E+00  1.5000E+00  5.0000E-01
 -1051   400   1   1   0   1      t/fs          ni(1+)    ni1zz=7580.0mu  
 -1.6000E+02  1.7000E+02  6.6711E+01  0.0000E+00  1.5000E+00  5.0000E-01
 -1151   400   1   1   0   1      t/fs          ni(2+)    ni2zz=7580.0mu  
 -1.6000E+02  1.7000E+02  6.6711E+01  0.0000E+00  1.5000E+00  5.0000E-01
 -1201   400   1   1   0   1      t/fs          n0        ni0zz=7580.0mu  
 -1.6000E+02  1.7000E+02  6.6711E+01  0.0000E+00  1.5000E+00  5.0000E-01
   502   701   1   1   0   1      r             |a|^2     emarz=7660.0mu  
  1302   400   1   1   0   1      t/fs            |a|^2   emazz=7660.0mu  
 -1352   400   1   1   0   1      t/fs          arg(a)    emphz=7660.0mu  
 -1.6000E+02  1.7000E+02  6.6711E+01 -4.0000E+00  4.0000E+00  2.0000E+00
  -202   701   1   1   0   1      r             ne        rherz=7660.0mu  
  0.0000E+00  1.0000E+02  4.0000E+01  0.0000E+00  1.5000E+00  5.0000E-01
 -1002   400   1   1   0   1      t/fs          na        natzz=7660.0mu  
 -1.6000E+02  1.7000E+02  6.6711E+01  0.0000E+00  1.5000E+00  5.0000E-01
 -1102   400   1   1   0   1      t/fs          ne        rhezz=7660.0mu  
 -1.6000E+02  1.7000E+02  6.6711E+01  0.0000E+00  1.5000E+00  5.0000E-01
 -1052   400   1   1   0   1      t/fs          ni(1+)    ni1zz=7660.0mu  
 -1.6000E+02  1.7000E+02  6.6711E+01  0.0000E+00  1.5000E+00  5.0000E-01
 -1152   400   1   1   0   1      t/fs          ni(2+)    ni2zz=7660.0mu  
 -1.6000E+02  1.7000E+02  6.6711E+01  0.0000E+00  1.5000E+00  5.0000E-01
 -1202   400   1   1   0   1      t/fs          n0        ni0zz=7660.0mu  
 -1.6000E+02  1.7000E+02  6.6711E+01  0.0000E+00  1.5000E+00  5.0000E-01
   503   701   1   1   0   1      r             |a|^2     emarz=7740.0mu  
  1303   400   1   1   0   1      t/fs            |a|^2   emazz=7740.0mu  
 -1353   400   1   1   0   1      t/fs          arg(a)    emphz=7740.0mu  
 -1.6000E+02  1.7000E+02  6.6711E+01 -4.0000E+00  4.0000E+00  2.0000E+00
  -203   701   1   1   0   1      r             ne        rherz=7740.0mu  
  0.0000E+00  1.0000E+02  4.0000E+01  0.0000E+00  1.5000E+00  5.0000E-01
 -1003   400   1   1   0   1      t/fs          na        natzz=7740.0mu  
 -1.6000E+02  1.7000E+02  6.6711E+01  0.0000E+00  1.5000E+00  5.0000E-01
 -1103   400   1   1   0   1      t/fs          ne        rhezz=7740.0mu  
 -1.6000E+02  1.7000E+02  6.6711E+01  0.0000E+00  1.5000E+00  5.0000E-01
 -1053   400   1   1   0   1      t/fs          ni(1+)    ni1zz=7740.0mu  
 -1.6000E+02  1.7000E+02  6.6711E+01  0.0000E+00  1.5000E+00  5.0000E-01
 -1153   400   1   1   0   1      t/fs          ni(2+)    ni2zz=7740.0mu  
 -1.6000E+02  1.7000E+02  6.6711E+01  0.0000E+00  1.5000E+00  5.0000E-01
 -1203   400   1   1   0   1      t/fs          n0        ni0zz=7740.0mu  
 -1.6000E+02  1.7000E+02  6.6711E+01  0.0000E+00  1.5000E+00  5.0000E-01
   504   701   1   1   0   1      r             |a|^2     emarz=7820.0mu  
  1304   400   1   1   0   1      t/fs            |a|^2   emazz=7820.0mu  
 -1354   400   1   1   0   1      t/fs          arg(a)    emphz=7820.0mu  
 -1.6000E+02  1.7000E+02  6.6711E+01 -4.0000E+00  4.0000E+00  2.0000E+00
  -204   701   1   1   0   1      r             ne        rherz=7820.0mu  
  0.0000E+00  1.0000E+02  4.0000E+01  0.0000E+00  1.5000E+00  5.0000E-01
 -1004   400   1   1   0   1      t/fs          na        natzz=7820.0mu  
 -1.6000E+02  1.7000E+02  6.6711E+01  0.0000E+00  1.5000E+00  5.0000E-01
 -1104   400   1   1   0   1      t/fs          ne        rhezz=7820.0mu  
 -1.6000E+02  1.7000E+02  6.6711E+01  0.0000E+00  1.5000E+00  5.0000E-01
 -1054   400   1   1   0   1      t/fs          ni(1+)    ni1zz=7820.0mu  
 -1.6000E+02  1.7000E+02  6.6711E+01  0.0000E+00  1.5000E+00  5.0000E-01
 -1154   400   1   1   0   1      t/fs          ni(2+)    ni2zz=7820.0mu  
 -1.6000E+02  1.7000E+02  6.6711E+01  0.0000E+00  1.5000E+00  5.0000E-01
 -1204   400   1   1   0   1      t/fs          n0        ni0zz=7820.0mu  
 -1.6000E+02  1.7000E+02  6.6711E+01  0.0000E+00  1.5000E+00  5.0000E-01
   505   701   1   1   0   1      r             |a|^2     emarz=7900.0mu  
  1305   400   1   1   0   1      t/fs            |a|^2   emazz=7900.0mu  
 -1355   400   1   1   0   1      t/fs          arg(a)    emphz=7900.0mu  
 -1.6000E+02  1.7000E+02  6.6711E+01 -4.0000E+00  4.0000E+00  2.0000E+00
  -205   701   1   1   0   1      r             ne        rherz=7900.0mu  
  0.0000E+00  1.0000E+02  4.0000E+01  0.0000E+00  1.5000E+00  5.0000E-01
 -1005   400   1   1   0   1      t/fs          na        natzz=7900.0mu  
 -1.6000E+02  1.7000E+02  6.6711E+01  0.0000E+00  1.5000E+00  5.0000E-01
 -1105   400   1   1   0   1      t/fs          ne        rhezz=7900.0mu  
 -1.6000E+02  1.7000E+02  6.6711E+01  0.0000E+00  1.5000E+00  5.0000E-01
 -1055   400   1   1   0   1      t/fs          ni(1+)    ni1zz=7900.0mu  
 -1.6000E+02  1.7000E+02  6.6711E+01  0.0000E+00  1.5000E+00  5.0000E-01
 -1155   400   1   1   0   1      t/fs          ni(2+)    ni2zz=7900.0mu  
 -1.6000E+02  1.7000E+02  6.6711E+01  0.0000E+00  1.5000E+00  5.0000E-01
 -1205   400   1   1   0   1      t/fs          n0        ni0zz=7900.0mu  
 -1.6000E+02  1.7000E+02  6.6711E+01  0.0000E+00  1.5000E+00  5.0000E-01
   506   701   1   1   0   1      r             |a|^2     emarz=7980.0mu  
  1306   400   1   1   0   1      t/fs            |a|^2   emazz=7980.0mu  
 -1356   400   1   1   0   1      t/fs          arg(a)    emphz=7980.0mu  
 -1.6000E+02  1.7000E+02  6.6711E+01 -4.0000E+00  4.0000E+00  2.0000E+00
  -206   701   1   1   0   1      r             ne        rherz=7980.0mu  
  0.0000E+00  1.0000E+02  4.0000E+01  0.0000E+00  1.5000E+00  5.0000E-01
 -1006   400   1   1   0   1      t/fs          na        natzz=7980.0mu  
 -1.6000E+02  1.7000E+02  6.6711E+01  0.0000E+00  1.5000E+00  5.0000E-01
 -1106   400   1   1   0   1      t/fs          ne        rhezz=7980.0mu  
 -1.6000E+02  1.7000E+02  6.6711E+01  0.0000E+00  1.5000E+00  5.0000E-01
 -1056   400   1   1   0   1      t/fs          ni(1+)    ni1zz=7980.0mu  
 -1.6000E+02  1.7000E+02  6.6711E+01  0.0000E+00  1.5000E+00  5.0000E-01
 -1156   400   1   1   0   1      t/fs          ni(2+)    ni2zz=7980.0mu  
 -1.6000E+02  1.7000E+02  6.6711E+01  0.0000E+00  1.5000E+00  5.0000E-01
 -1206   400   1   1   0   1      t/fs          n0        ni0zz=7980.0mu  
 -1.6000E+02  1.7000E+02  6.6711E+01  0.0000E+00  1.5000E+00  5.0000E-01
   507   701   1   1   0   1      r             |a|^2     emarz=8060.0mu  
  1307   400   1   1   0   1      t/fs            |a|^2   emazz=8060.0mu  
 -1357   400   1   1   0   1      t/fs          arg(a)    emphz=8060.0mu  
 -1.6000E+02  1.7000E+02  6.6711E+01 -4.0000E+00  4.0000E+00  2.0000E+00
  -207   701   1   1   0   1      r             ne        rherz=8060.0mu  
  0.0000E+00  1.0000E+02  4.0000E+01  0.0000E+00  1.5000E+00  5.0000E-01
 -1007   400   1   1   0   1      t/fs          na        natzz=8060.0mu  
 -1.6000E+02  1.7000E+02  6.6711E+01  0.0000E+00  1.5000E+00  5.0000E-01
 -1107   400   1   1   0   1      t/fs          ne        rhezz=8060.0mu  
 -1.6000E+02  1.7000E+02  6.6711E+01  0.0000E+00  1.5000E+00  5.0000E-01
 -1057   400   1   1   0   1      t/fs          ni(1+)    ni1zz=8060.0mu  
 -1.6000E+02  1.7000E+02  6.6711E+01  0.0000E+00  1.5000E+00  5.0000E-01
 -1157   400   1   1   0   1      t/fs          ni(2+)    ni2zz=8060.0mu  
 -1.6000E+02  1.7000E+02  6.6711E+01  0.0000E+00  1.5000E+00  5.0000E-01
 -1207   400   1   1   0   1      t/fs          n0        ni0zz=8060.0mu  
 -1.6000E+02  1.7000E+02  6.6711E+01  0.0000E+00  1.5000E+00  5.0000E-01
   508   701   1   1   0   1      r             |a|^2     emarz=8140.0mu  
  1308   400   1   1   0   1      t/fs            |a|^2   emazz=8140.0mu  
 -1358   400   1   1   0   1      t/fs          arg(a)    emphz=8140.0mu  
 -1.6000E+02  1.7000E+02  6.6711E+01 -4.0000E+00  4.0000E+00  2.0000E+00
  -208   701   1   1   0   1      r             ne        rherz=8140.0mu  
  0.0000E+00  1.0000E+02  4.0000E+01  0.0000E+00  1.5000E+00  5.0000E-01
 -1008   400   1   1   0   1      t/fs          na        natzz=8140.0mu  
 -1.6000E+02  1.7000E+02  6.6711E+01  0.0000E+00  1.5000E+00  5.0000E-01
 -1108   400   1   1   0   1      t/fs          ne        rhezz=8140.0mu  
 -1.6000E+02  1.7000E+02  6.6711E+01  0.0000E+00  1.5000E+00  5.0000E-01
 -1058   400   1   1   0   1      t/fs          ni(1+)    ni1zz=8140.0mu  
 -1.6000E+02  1.7000E+02  6.6711E+01  0.0000E+00  1.5000E+00  5.0000E-01
 -1158   400   1   1   0   1      t/fs          ni(2+)    ni2zz=8140.0mu  
 -1.6000E+02  1.7000E+02  6.6711E+01  0.0000E+00  1.5000E+00  5.0000E-01
 -1208   400   1   1   0   1      t/fs          n0        ni0zz=8140.0mu  
 -1.6000E+02  1.7000E+02  6.6711E+01  0.0000E+00  1.5000E+00  5.0000E-01
   509   701   1   1   0   1      r             |a|^2     emarz=8220.0mu  
  1309   400   1   1   0   1      t/fs            |a|^2   emazz=8220.0mu  
 -1359   400   1   1   0   1      t/fs          arg(a)    emphz=8220.0mu  
 -1.6000E+02  1.7000E+02  6.6711E+01 -4.0000E+00  4.0000E+00  2.0000E+00
  -209   701   1   1   0   1      r             ne        rherz=8220.0mu  
  0.0000E+00  1.0000E+02  4.0000E+01  0.0000E+00  1.5000E+00  5.0000E-01
 -1009   400   1   1   0   1      t/fs          na        natzz=8220.0mu  
 -1.6000E+02  1.7000E+02  6.6711E+01  0.0000E+00  1.5000E+00  5.0000E-01
 -1109   400   1   1   0   1      t/fs          ne        rhezz=8220.0mu  
 -1.6000E+02  1.7000E+02  6.6711E+01  0.0000E+00  1.5000E+00  5.0000E-01
 -1059   400   1   1   0   1      t/fs          ni(1+)    ni1zz=8220.0mu  
 -1.6000E+02  1.7000E+02  6.6711E+01  0.0000E+00  1.5000E+00  5.0000E-01
 -1159   400   1   1   0   1      t/fs          ni(2+)    ni2zz=8220.0mu  
 -1.6000E+02  1.7000E+02  6.6711E+01  0.0000E+00  1.5000E+00  5.0000E-01
 -1209   400   1   1   0   1      t/fs          n0        ni0zz=8220.0mu  
 -1.6000E+02  1.7000E+02  6.6711E+01  0.0000E+00  1.5000E+00  5.0000E-01
   510   701   1   1   0   1      r             |a|^2     emarz=8300.0mu  
  1310   400   1   1   0   1      t/fs            |a|^2   emazz=8300.0mu  
 -1360   400   1   1   0   1      t/fs          arg(a)    emphz=8300.0mu  
 -1.6000E+02  1.7000E+02  6.6711E+01 -4.0000E+00  4.0000E+00  2.0000E+00
  -210   701   1   1   0   1      r             ne        rherz=8300.0mu  
  0.0000E+00  1.0000E+02  4.0000E+01  0.0000E+00  1.5000E+00  5.0000E-01
 -1010   400   1   1   0   1      t/fs          na        natzz=8300.0mu  
 -1.6000E+02  1.7000E+02  6.6711E+01  0.0000E+00  1.5000E+00  5.0000E-01
 -1110   400   1   1   0   1      t/fs          ne        rhezz=8300.0mu  
 -1.6000E+02  1.7000E+02  6.6711E+01  0.0000E+00  1.5000E+00  5.0000E-01
 -1060   400   1   1   0   1      t/fs          ni(1+)    ni1zz=8300.0mu  
 -1.6000E+02  1.7000E+02  6.6711E+01  0.0000E+00  1.5000E+00  5.0000E-01
 -1160   400   1   1   0   1      t/fs          ni(2+)    ni2zz=8300.0mu  
 -1.6000E+02  1.7000E+02  6.6711E+01  0.0000E+00  1.5000E+00  5.0000E-01
 -1210   400   1   1   0   1      t/fs          n0        ni0zz=8300.0mu  
 -1.6000E+02  1.7000E+02  6.6711E+01  0.0000E+00  1.5000E+00  5.0000E-01
   511   701   1   1   0   1      r             |a|^2     emarz=8380.0mu  
  1311   400   1   1   0   1      t/fs            |a|^2   emazz=8380.0mu  
 -1361   400   1   1   0   1      t/fs          arg(a)    emphz=8380.0mu  
 -1.6000E+02  1.7000E+02  6.6711E+01 -4.0000E+00  4.0000E+00  2.0000E+00
  -211   701   1   1   0   1      r             ne        rherz=8380.0mu  
  0.0000E+00  1.0000E+02  4.0000E+01  0.0000E+00  1.5000E+00  5.0000E-01
 -1011   400   1   1   0   1      t/fs          na        natzz=8380.0mu  
 -1.6000E+02  1.7000E+02  6.6711E+01  0.0000E+00  1.5000E+00  5.0000E-01
 -1111   400   1   1   0   1      t/fs          ne        rhezz=8380.0mu  
 -1.6000E+02  1.7000E+02  6.6711E+01  0.0000E+00  1.5000E+00  5.0000E-01
 -1061   400   1   1   0   1      t/fs          ni(1+)    ni1zz=8380.0mu  
 -1.6000E+02  1.7000E+02  6.6711E+01  0.0000E+00  1.5000E+00  5.0000E-01
 -1161   400   1   1   0   1      t/fs          ni(2+)    ni2zz=8380.0mu  
 -1.6000E+02  1.7000E+02  6.6711E+01  0.0000E+00  1.5000E+00  5.0000E-01
 -1211   400   1   1   0   1      t/fs          n0        ni0zz=8380.0mu  
 -1.6000E+02  1.7000E+02  6.6711E+01  0.0000E+00  1.5000E+00  5.0000E-01
   512   701   1   1   0   1      r             |a|^2     emarz=8460.0mu  
  1312   400   1   1   0   1      t/fs            |a|^2   emazz=8460.0mu  
 -1362   400   1   1   0   1      t/fs          arg(a)    emphz=8460.0mu  
 -1.6000E+02  1.7000E+02  6.6711E+01 -4.0000E+00  4.0000E+00  2.0000E+00
  -212   701   1   1   0   1      r             ne        rherz=8460.0mu  
  0.0000E+00  1.0000E+02  4.0000E+01  0.0000E+00  1.5000E+00  5.0000E-01
 -1012   400   1   1   0   1      t/fs          na        natzz=8460.0mu  
 -1.6000E+02  1.7000E+02  6.6711E+01  0.0000E+00  1.5000E+00  5.0000E-01
 -1112   400   1   1   0   1      t/fs          ne        rhezz=8460.0mu  
 -1.6000E+02  1.7000E+02  6.6711E+01  0.0000E+00  1.5000E+00  5.0000E-01
 -1062   400   1   1   0   1      t/fs          ni(1+)    ni1zz=8460.0mu  
 -1.6000E+02  1.7000E+02  6.6711E+01  0.0000E+00  1.5000E+00  5.0000E-01
 -1162   400   1   1   0   1      t/fs          ni(2+)    ni2zz=8460.0mu  
 -1.6000E+02  1.7000E+02  6.6711E+01  0.0000E+00  1.5000E+00  5.0000E-01
 -1212   400   1   1   0   1      t/fs          n0        ni0zz=8460.0mu  
 -1.6000E+02  1.7000E+02  6.6711E+01  0.0000E+00  1.5000E+00  5.0000E-01
   513   701   1   1   0   1      r             |a|^2     emarz=8540.0mu  
  1313   400   1   1   0   1      t/fs            |a|^2   emazz=8540.0mu  
 -1363   400   1   1   0   1      t/fs          arg(a)    emphz=8540.0mu  
 -1.6000E+02  1.7000E+02  6.6711E+01 -4.0000E+00  4.0000E+00  2.0000E+00
  -213   701   1   1   0   1      r             ne        rherz=8540.0mu  
  0.0000E+00  1.0000E+02  4.0000E+01  0.0000E+00  1.5000E+00  5.0000E-01
 -1013   400   1   1   0   1      t/fs          na        natzz=8540.0mu  
 -1.6000E+02  1.7000E+02  6.6711E+01  0.0000E+00  1.5000E+00  5.0000E-01
 -1113   400   1   1   0   1      t/fs          ne        rhezz=8540.0mu  
 -1.6000E+02  1.7000E+02  6.6711E+01  0.0000E+00  1.5000E+00  5.0000E-01
 -1063   400   1   1   0   1      t/fs          ni(1+)    ni1zz=8540.0mu  
 -1.6000E+02  1.7000E+02  6.6711E+01  0.0000E+00  1.5000E+00  5.0000E-01
 -1163   400   1   1   0   1      t/fs          ni(2+)    ni2zz=8540.0mu  
 -1.6000E+02  1.7000E+02  6.6711E+01  0.0000E+00  1.5000E+00  5.0000E-01
 -1213   400   1   1   0   1      t/fs          n0        ni0zz=8540.0mu  
 -1.6000E+02  1.7000E+02  6.6711E+01  0.0000E+00  1.5000E+00  5.0000E-01
   514   701   1   1   0   1      r             |a|^2     emarz=8620.1mu  
  1314   400   1   1   0   1      t/fs            |a|^2   emazz=8620.1mu  
 -1364   400   1   1   0   1      t/fs          arg(a)    emphz=8620.1mu  
 -1.6000E+02  1.7000E+02  6.6711E+01 -4.0000E+00  4.0000E+00  2.0000E+00
  -214   701   1   1   0   1      r             ne        rherz=8620.1mu  
  0.0000E+00  1.0000E+02  4.0000E+01  0.0000E+00  1.5000E+00  5.0000E-01
 -1014   400   1   1   0   1      t/fs          na        natzz=8620.1mu  
 -1.6000E+02  1.7000E+02  6.6711E+01  0.0000E+00  1.5000E+00  5.0000E-01
 -1114   400   1   1   0   1      t/fs          ne        rhezz=8620.1mu  
 -1.6000E+02  1.7000E+02  6.6711E+01  0.0000E+00  1.5000E+00  5.0000E-01
 -1064   400   1   1   0   1      t/fs          ni(1+)    ni1zz=8620.1mu  
 -1.6000E+02  1.7000E+02  6.6711E+01  0.0000E+00  1.5000E+00  5.0000E-01
 -1164   400   1   1   0   1      t/fs          ni(2+)    ni2zz=8620.1mu  
 -1.6000E+02  1.7000E+02  6.6711E+01  0.0000E+00  1.5000E+00  5.0000E-01
 -1214   400   1   1   0   1      t/fs          n0        ni0zz=8620.1mu  
 -1.6000E+02  1.7000E+02  6.6711E+01  0.0000E+00  1.5000E+00  5.0000E-01
   515   701   1   1   0   1      r             |a|^2     emarz=8700.1mu  
  1315   400   1   1   0   1      t/fs            |a|^2   emazz=8700.1mu  
 -1365   400   1   1   0   1      t/fs          arg(a)    emphz=8700.1mu  
 -1.6000E+02  1.7000E+02  6.6711E+01 -4.0000E+00  4.0000E+00  2.0000E+00
  -215   701   1   1   0   1      r             ne        rherz=8700.1mu  
  0.0000E+00  1.0000E+02  4.0000E+01  0.0000E+00  1.5000E+00  5.0000E-01
 -1015   400   1   1   0   1      t/fs          na        natzz=8700.1mu  
 -1.6000E+02  1.7000E+02  6.6711E+01  0.0000E+00  1.5000E+00  5.0000E-01
 -1115   400   1   1   0   1      t/fs          ne        rhezz=8700.1mu  
 -1.6000E+02  1.7000E+02  6.6711E+01  0.0000E+00  1.5000E+00  5.0000E-01
 -1065   400   1   1   0   1      t/fs          ni(1+)    ni1zz=8700.1mu  
 -1.6000E+02  1.7000E+02  6.6711E+01  0.0000E+00  1.5000E+00  5.0000E-01
 -1165   400   1   1   0   1      t/fs          ni(2+)    ni2zz=8700.1mu  
 -1.6000E+02  1.7000E+02  6.6711E+01  0.0000E+00  1.5000E+00  5.0000E-01
 -1215   400   1   1   0   1      t/fs          n0        ni0zz=8700.1mu  
 -1.6000E+02  1.7000E+02  6.6711E+01  0.0000E+00  1.5000E+00  5.0000E-01
   516   701   1   1   0   1      r             |a|^2     emarz=8780.1mu  
  1316   400   1   1   0   1      t/fs            |a|^2   emazz=8780.1mu  
 -1366   400   1   1   0   1      t/fs          arg(a)    emphz=8780.1mu  
 -1.6000E+02  1.7000E+02  6.6711E+01 -4.0000E+00  4.0000E+00  2.0000E+00
  -216   701   1   1   0   1      r             ne        rherz=8780.1mu  
  0.0000E+00  1.0000E+02  4.0000E+01  0.0000E+00  1.5000E+00  5.0000E-01
 -1016   400   1   1   0   1      t/fs          na        natzz=8780.1mu  
 -1.6000E+02  1.7000E+02  6.6711E+01  0.0000E+00  1.5000E+00  5.0000E-01
 -1116   400   1   1   0   1      t/fs          ne        rhezz=8780.1mu  
 -1.6000E+02  1.7000E+02  6.6711E+01  0.0000E+00  1.5000E+00  5.0000E-01
 -1066   400   1   1   0   1      t/fs          ni(1+)    ni1zz=8780.1mu  
 -1.6000E+02  1.7000E+02  6.6711E+01  0.0000E+00  1.5000E+00  5.0000E-01
 -1166   400   1   1   0   1      t/fs          ni(2+)    ni2zz=8780.1mu  
 -1.6000E+02  1.7000E+02  6.6711E+01  0.0000E+00  1.5000E+00  5.0000E-01
 -1216   400   1   1   0   1      t/fs          n0        ni0zz=8780.1mu  
 -1.6000E+02  1.7000E+02  6.6711E+01  0.0000E+00  1.5000E+00  5.0000E-01
   517   701   1   1   0   1      r             |a|^2     emarz=8860.1mu  
  1317   400   1   1   0   1      t/fs            |a|^2   emazz=8860.1mu  
 -1367   400   1   1   0   1      t/fs          arg(a)    emphz=8860.1mu  
 -1.6000E+02  1.7000E+02  6.6711E+01 -4.0000E+00  4.0000E+00  2.0000E+00
  -217   701   1   1   0   1      r             ne        rherz=8860.1mu  
  0.0000E+00  1.0000E+02  4.0000E+01  0.0000E+00  1.5000E+00  5.0000E-01
 -1017   400   1   1   0   1      t/fs          na        natzz=8860.1mu  
 -1.6000E+02  1.7000E+02  6.6711E+01  0.0000E+00  1.5000E+00  5.0000E-01
 -1117   400   1   1   0   1      t/fs          ne        rhezz=8860.1mu  
 -1.6000E+02  1.7000E+02  6.6711E+01  0.0000E+00  1.5000E+00  5.0000E-01
 -1067   400   1   1   0   1      t/fs          ni(1+)    ni1zz=8860.1mu  
 -1.6000E+02  1.7000E+02  6.6711E+01  0.0000E+00  1.5000E+00  5.0000E-01
 -1167   400   1   1   0   1      t/fs          ni(2+)    ni2zz=8860.1mu  
 -1.6000E+02  1.7000E+02  6.6711E+01  0.0000E+00  1.5000E+00  5.0000E-01
 -1217   400   1   1   0   1      t/fs          n0        ni0zz=8860.1mu  
 -1.6000E+02  1.7000E+02  6.6711E+01  0.0000E+00  1.5000E+00  5.0000E-01
   518   701   1   1   0   1      r             |a|^2     emarz=8940.1mu  
  1318   400   1   1   0   1      t/fs            |a|^2   emazz=8940.1mu  
 -1368   400   1   1   0   1      t/fs          arg(a)    emphz=8940.1mu  
 -1.6000E+02  1.7000E+02  6.6711E+01 -4.0000E+00  4.0000E+00  2.0000E+00
  -218   701   1   1   0   1      r             ne        rherz=8940.1mu  
  0.0000E+00  1.0000E+02  4.0000E+01  0.0000E+00  1.5000E+00  5.0000E-01
 -1018   400   1   1   0   1      t/fs          na        natzz=8940.1mu  
 -1.6000E+02  1.7000E+02  6.6711E+01  0.0000E+00  1.5000E+00  5.0000E-01
 -1118   400   1   1   0   1      t/fs          ne        rhezz=8940.1mu  
 -1.6000E+02  1.7000E+02  6.6711E+01  0.0000E+00  1.5000E+00  5.0000E-01
 -1068   400   1   1   0   1      t/fs          ni(1+)    ni1zz=8940.1mu  
 -1.6000E+02  1.7000E+02  6.6711E+01  0.0000E+00  1.5000E+00  5.0000E-01
 -1168   400   1   1   0   1      t/fs          ni(2+)    ni2zz=8940.1mu  
 -1.6000E+02  1.7000E+02  6.6711E+01  0.0000E+00  1.5000E+00  5.0000E-01
 -1218   400   1   1   0   1      t/fs          n0        ni0zz=8940.1mu  
 -1.6000E+02  1.7000E+02  6.6711E+01  0.0000E+00  1.5000E+00  5.0000E-01
   519   701   1   1   0   1      r             |a|^2     emarz=9020.1mu  
  1319   400   1   1   0   1      t/fs            |a|^2   emazz=9020.1mu  
 -1369   400   1   1   0   1      t/fs          arg(a)    emphz=9020.1mu  
 -1.6000E+02  1.7000E+02  6.6711E+01 -4.0000E+00  4.0000E+00  2.0000E+00
  -219   701   1   1   0   1      r             ne        rherz=9020.1mu  
  0.0000E+00  1.0000E+02  4.0000E+01  0.0000E+00  1.5000E+00  5.0000E-01
 -1019   400   1   1   0   1      t/fs          na        natzz=9020.1mu  
 -1.6000E+02  1.7000E+02  6.6711E+01  0.0000E+00  1.5000E+00  5.0000E-01
 -1119   400   1   1   0   1      t/fs          ne        rhezz=9020.1mu  
 -1.6000E+02  1.7000E+02  6.6711E+01  0.0000E+00  1.5000E+00  5.0000E-01
 -1069   400   1   1   0   1      t/fs          ni(1+)    ni1zz=9020.1mu  
 -1.6000E+02  1.7000E+02  6.6711E+01  0.0000E+00  1.5000E+00  5.0000E-01
 -1169   400   1   1   0   1      t/fs          ni(2+)    ni2zz=9020.1mu  
 -1.6000E+02  1.7000E+02  6.6711E+01  0.0000E+00  1.5000E+00  5.0000E-01
 -1219   400   1   1   0   1      t/fs          n0        ni0zz=9020.1mu  
 -1.6000E+02  1.7000E+02  6.6711E+01  0.0000E+00  1.5000E+00  5.0000E-01
   520   701   1   1   0   1      r             |a|^2     emarz=9100.1mu  
  1320   400   1   1   0   1      t/fs            |a|^2   emazz=9100.1mu  
 -1370   400   1   1   0   1      t/fs          arg(a)    emphz=9100.1mu  
 -1.6000E+02  1.7000E+02  6.6711E+01 -4.0000E+00  4.0000E+00  2.0000E+00
  -220   701   1   1   0   1      r             ne        rherz=9100.1mu  
  0.0000E+00  1.0000E+02  4.0000E+01  0.0000E+00  1.5000E+00  5.0000E-01
 -1020   400   1   1   0   1      t/fs          na        natzz=9100.1mu  
 -1.6000E+02  1.7000E+02  6.6711E+01  0.0000E+00  1.5000E+00  5.0000E-01
 -1120   400   1   1   0   1      t/fs          ne        rhezz=9100.1mu  
 -1.6000E+02  1.7000E+02  6.6711E+01  0.0000E+00  1.5000E+00  5.0000E-01
 -1070   400   1   1   0   1      t/fs          ni(1+)    ni1zz=9100.1mu  
 -1.6000E+02  1.7000E+02  6.6711E+01  0.0000E+00  1.5000E+00  5.0000E-01
 -1170   400   1   1   0   1      t/fs          ni(2+)    ni2zz=9100.1mu  
 -1.6000E+02  1.7000E+02  6.6711E+01  0.0000E+00  1.5000E+00  5.0000E-01
 -1220   400   1   1   0   1      t/fs          n0        ni0zz=9100.1mu  
 -1.6000E+02  1.7000E+02  6.6711E+01  0.0000E+00  1.5000E+00  5.0000E-01
   521   701   1   1   0   1      r             |a|^2     emarz=9180.1mu  
  1321   400   1   1   0   1      t/fs            |a|^2   emazz=9180.1mu  
 -1371   400   1   1   0   1      t/fs          arg(a)    emphz=9180.1mu  
 -1.6000E+02  1.7000E+02  6.6711E+01 -4.0000E+00  4.0000E+00  2.0000E+00
  -221   701   1   1   0   1      r             ne        rherz=9180.1mu  
  0.0000E+00  1.0000E+02  4.0000E+01  0.0000E+00  1.5000E+00  5.0000E-01
 -1021   400   1   1   0   1      t/fs          na        natzz=9180.1mu  
 -1.6000E+02  1.7000E+02  6.6711E+01  0.0000E+00  1.5000E+00  5.0000E-01
 -1121   400   1   1   0   1      t/fs          ne        rhezz=9180.1mu  
 -1.6000E+02  1.7000E+02  6.6711E+01  0.0000E+00  1.5000E+00  5.0000E-01
 -1071   400   1   1   0   1      t/fs          ni(1+)    ni1zz=9180.1mu  
 -1.6000E+02  1.7000E+02  6.6711E+01  0.0000E+00  1.5000E+00  5.0000E-01
 -1171   400   1   1   0   1      t/fs          ni(2+)    ni2zz=9180.1mu  
 -1.6000E+02  1.7000E+02  6.6711E+01  0.0000E+00  1.5000E+00  5.0000E-01
 -1221   400   1   1   0   1      t/fs          n0        ni0zz=9180.1mu  
 -1.6000E+02  1.7000E+02  6.6711E+01  0.0000E+00  1.5000E+00  5.0000E-01
   522   701   1   1   0   1      r             |a|^2     emarz=9260.1mu  
  1322   400   1   1   0   1      t/fs            |a|^2   emazz=9260.1mu  
 -1372   400   1   1   0   1      t/fs          arg(a)    emphz=9260.1mu  
 -1.6000E+02  1.7000E+02  6.6711E+01 -4.0000E+00  4.0000E+00  2.0000E+00
  -222   701   1   1   0   1      r             ne        rherz=9260.1mu  
  0.0000E+00  1.0000E+02  4.0000E+01  0.0000E+00  1.5000E+00  5.0000E-01
 -1022   400   1   1   0   1      t/fs          na        natzz=9260.1mu  
 -1.6000E+02  1.7000E+02  6.6711E+01  0.0000E+00  1.5000E+00  5.0000E-01
 -1122   400   1   1   0   1      t/fs          ne        rhezz=9260.1mu  
 -1.6000E+02  1.7000E+02  6.6711E+01  0.0000E+00  1.5000E+00  5.0000E-01
 -1072   400   1   1   0   1      t/fs          ni(1+)    ni1zz=9260.1mu  
 -1.6000E+02  1.7000E+02  6.6711E+01  0.0000E+00  1.5000E+00  5.0000E-01
 -1172   400   1   1   0   1      t/fs          ni(2+)    ni2zz=9260.1mu  
 -1.6000E+02  1.7000E+02  6.6711E+01  0.0000E+00  1.5000E+00  5.0000E-01
 -1222   400   1   1   0   1      t/fs          n0        ni0zz=9260.1mu  
 -1.6000E+02  1.7000E+02  6.6711E+01  0.0000E+00  1.5000E+00  5.0000E-01
   523   701   1   1   0   1      r             |a|^2     emarz=9340.1mu  
  1323   400   1   1   0   1      t/fs            |a|^2   emazz=9340.1mu  
 -1373   400   1   1   0   1      t/fs          arg(a)    emphz=9340.1mu  
 -1.6000E+02  1.7000E+02  6.6711E+01 -4.0000E+00  4.0000E+00  2.0000E+00
  -223   701   1   1   0   1      r             ne        rherz=9340.1mu  
  0.0000E+00  1.0000E+02  4.0000E+01  0.0000E+00  1.5000E+00  5.0000E-01
 -1023   400   1   1   0   1      t/fs          na        natzz=9340.1mu  
 -1.6000E+02  1.7000E+02  6.6711E+01  0.0000E+00  1.5000E+00  5.0000E-01
 -1123   400   1   1   0   1      t/fs          ne        rhezz=9340.1mu  
 -1.6000E+02  1.7000E+02  6.6711E+01  0.0000E+00  1.5000E+00  5.0000E-01
 -1073   400   1   1   0   1      t/fs          ni(1+)    ni1zz=9340.1mu  
 -1.6000E+02  1.7000E+02  6.6711E+01  0.0000E+00  1.5000E+00  5.0000E-01
 -1173   400   1   1   0   1      t/fs          ni(2+)    ni2zz=9340.1mu  
 -1.6000E+02  1.7000E+02  6.6711E+01  0.0000E+00  1.5000E+00  5.0000E-01
 -1223   400   1   1   0   1      t/fs          n0        ni0zz=9340.1mu  
 -1.6000E+02  1.7000E+02  6.6711E+01  0.0000E+00  1.5000E+00  5.0000E-01
   524   701   1   1   0   1      r             |a|^2     emarz=9420.1mu  
  1324   400   1   1   0   1      t/fs            |a|^2   emazz=9420.1mu  
 -1374   400   1   1   0   1      t/fs          arg(a)    emphz=9420.1mu  
 -1.6000E+02  1.7000E+02  6.6711E+01 -4.0000E+00  4.0000E+00  2.0000E+00
  -224   701   1   1   0   1      r             ne        rherz=9420.1mu  
  0.0000E+00  1.0000E+02  4.0000E+01  0.0000E+00  1.5000E+00  5.0000E-01
 -1024   400   1   1   0   1      t/fs          na        natzz=9420.1mu  
 -1.6000E+02  1.7000E+02  6.6711E+01  0.0000E+00  1.5000E+00  5.0000E-01
 -1124   400   1   1   0   1      t/fs          ne        rhezz=9420.1mu  
 -1.6000E+02  1.7000E+02  6.6711E+01  0.0000E+00  1.5000E+00  5.0000E-01
 -1074   400   1   1   0   1      t/fs          ni(1+)    ni1zz=9420.1mu  
 -1.6000E+02  1.7000E+02  6.6711E+01  0.0000E+00  1.5000E+00  5.0000E-01
 -1174   400   1   1   0   1      t/fs          ni(2+)    ni2zz=9420.1mu  
 -1.6000E+02  1.7000E+02  6.6711E+01  0.0000E+00  1.5000E+00  5.0000E-01
 -1224   400   1   1   0   1      t/fs          n0        ni0zz=9420.1mu  
 -1.6000E+02  1.7000E+02  6.6711E+01  0.0000E+00  1.5000E+00  5.0000E-01
   525   701   1   1   0   1      r             |a|^2     emarz=9500.1mu  
  1325   400   1   1   0   1      t/fs            |a|^2   emazz=9500.1mu  
 -1375   400   1   1   0   1      t/fs          arg(a)    emphz=9500.1mu  
 -1.6000E+02  1.7000E+02  6.6711E+01 -4.0000E+00  4.0000E+00  2.0000E+00
  -225   701   1   1   0   1      r             ne        rherz=9500.1mu  
  0.0000E+00  1.0000E+02  4.0000E+01  0.0000E+00  1.5000E+00  5.0000E-01
 -1025   400   1   1   0   1      t/fs          na        natzz=9500.1mu  
 -1.6000E+02  1.7000E+02  6.6711E+01  0.0000E+00  1.5000E+00  5.0000E-01
 -1125   400   1   1   0   1      t/fs          ne        rhezz=9500.1mu  
 -1.6000E+02  1.7000E+02  6.6711E+01  0.0000E+00  1.5000E+00  5.0000E-01
 -1075   400   1   1   0   1      t/fs          ni(1+)    ni1zz=9500.1mu  
 -1.6000E+02  1.7000E+02  6.6711E+01  0.0000E+00  1.5000E+00  5.0000E-01
 -1175   400   1   1   0   1      t/fs          ni(2+)    ni2zz=9500.1mu  
 -1.6000E+02  1.7000E+02  6.6711E+01  0.0000E+00  1.5000E+00  5.0000E-01
 -1225   400   1   1   0   1      t/fs          n0        ni0zz=9500.1mu  
 -1.6000E+02  1.7000E+02  6.6711E+01  0.0000E+00  1.5000E+00  5.0000E-01
   526   701   1   1   0   1      r             |a|^2     emarz=9580.2mu  
  1326   400   1   1   0   1      t/fs            |a|^2   emazz=9580.2mu  
 -1376   400   1   1   0   1      t/fs          arg(a)    emphz=9580.2mu  
 -1.6000E+02  1.7000E+02  6.6711E+01 -4.0000E+00  4.0000E+00  2.0000E+00
  -226   701   1   1   0   1      r             ne        rherz=9580.2mu  
  0.0000E+00  1.0000E+02  4.0000E+01  0.0000E+00  1.5000E+00  5.0000E-01
 -1026   400   1   1   0   1      t/fs          na        natzz=9580.2mu  
 -1.6000E+02  1.7000E+02  6.6711E+01  0.0000E+00  1.5000E+00  5.0000E-01
 -1126   400   1   1   0   1      t/fs          ne        rhezz=9580.2mu  
 -1.6000E+02  1.7000E+02  6.6711E+01  0.0000E+00  1.5000E+00  5.0000E-01
 -1076   400   1   1   0   1      t/fs          ni(1+)    ni1zz=9580.2mu  
 -1.6000E+02  1.7000E+02  6.6711E+01  0.0000E+00  1.5000E+00  5.0000E-01
 -1176   400   1   1   0   1      t/fs          ni(2+)    ni2zz=9580.2mu  
 -1.6000E+02  1.7000E+02  6.6711E+01  0.0000E+00  1.5000E+00  5.0000E-01
 -1226   400   1   1   0   1      t/fs          n0        ni0zz=9580.2mu  
 -1.6000E+02  1.7000E+02  6.6711E+01  0.0000E+00  1.5000E+00  5.0000E-01
   527   701   1   1   0   1      r             |a|^2     emarz=9660.2mu  
  1327   400   1   1   0   1      t/fs            |a|^2   emazz=9660.2mu  
 -1377   400   1   1   0   1      t/fs          arg(a)    emphz=9660.2mu  
 -1.6000E+02  1.7000E+02  6.6711E+01 -4.0000E+00  4.0000E+00  2.0000E+00
  -227   701   1   1   0   1      r             ne        rherz=9660.2mu  
  0.0000E+00  1.0000E+02  4.0000E+01  0.0000E+00  1.5000E+00  5.0000E-01
 -1027   400   1   1   0   1      t/fs          na        natzz=9660.2mu  
 -1.6000E+02  1.7000E+02  6.6711E+01  0.0000E+00  1.5000E+00  5.0000E-01
 -1127   400   1   1   0   1      t/fs          ne        rhezz=9660.2mu  
 -1.6000E+02  1.7000E+02  6.6711E+01  0.0000E+00  1.5000E+00  5.0000E-01
 -1077   400   1   1   0   1      t/fs          ni(1+)    ni1zz=9660.2mu  
 -1.6000E+02  1.7000E+02  6.6711E+01  0.0000E+00  1.5000E+00  5.0000E-01
 -1177   400   1   1   0   1      t/fs          ni(2+)    ni2zz=9660.2mu  
 -1.6000E+02  1.7000E+02  6.6711E+01  0.0000E+00  1.5000E+00  5.0000E-01
 -1227   400   1   1   0   1      t/fs          n0        ni0zz=9660.2mu  
 -1.6000E+02  1.7000E+02  6.6711E+01  0.0000E+00  1.5000E+00  5.0000E-01
   528   701   1   1   0   1      r             |a|^2     emarz=9740.2mu  
  1328   400   1   1   0   1      t/fs            |a|^2   emazz=9740.2mu  
 -1378   400   1   1   0   1      t/fs          arg(a)    emphz=9740.2mu  
 -1.6000E+02  1.7000E+02  6.6711E+01 -4.0000E+00  4.0000E+00  2.0000E+00
  -228   701   1   1   0   1      r             ne        rherz=9740.2mu  
  0.0000E+00  1.0000E+02  4.0000E+01  0.0000E+00  1.5000E+00  5.0000E-01
 -1028   400   1   1   0   1      t/fs          na        natzz=9740.2mu  
 -1.6000E+02  1.7000E+02  6.6711E+01  0.0000E+00  1.5000E+00  5.0000E-01
 -1128   400   1   1   0   1      t/fs          ne        rhezz=9740.2mu  
 -1.6000E+02  1.7000E+02  6.6711E+01  0.0000E+00  1.5000E+00  5.0000E-01
 -1078   400   1   1   0   1      t/fs          ni(1+)    ni1zz=9740.2mu  
 -1.6000E+02  1.7000E+02  6.6711E+01  0.0000E+00  1.5000E+00  5.0000E-01
 -1178   400   1   1   0   1      t/fs          ni(2+)    ni2zz=9740.2mu  
 -1.6000E+02  1.7000E+02  6.6711E+01  0.0000E+00  1.5000E+00  5.0000E-01
 -1228   400   1   1   0   1      t/fs          n0        ni0zz=9740.2mu  
 -1.6000E+02  1.7000E+02  6.6711E+01  0.0000E+00  1.5000E+00  5.0000E-01
   529   701   1   1   0   1      r             |a|^2     emarz=9820.2mu  
  1329   400   1   1   0   1      t/fs            |a|^2   emazz=9820.2mu  
 -1379   400   1   1   0   1      t/fs          arg(a)    emphz=9820.2mu  
 -1.6000E+02  1.7000E+02  6.6711E+01 -4.0000E+00  4.0000E+00  2.0000E+00
  -229   701   1   1   0   1      r             ne        rherz=9820.2mu  
  0.0000E+00  1.0000E+02  4.0000E+01  0.0000E+00  1.5000E+00  5.0000E-01
 -1029   400   1   1   0   1      t/fs          na        natzz=9820.2mu  
 -1.6000E+02  1.7000E+02  6.6711E+01  0.0000E+00  1.5000E+00  5.0000E-01
 -1129   400   1   1   0   1      t/fs          ne        rhezz=9820.2mu  
 -1.6000E+02  1.7000E+02  6.6711E+01  0.0000E+00  1.5000E+00  5.0000E-01
 -1079   400   1   1   0   1      t/fs          ni(1+)    ni1zz=9820.2mu  
 -1.6000E+02  1.7000E+02  6.6711E+01  0.0000E+00  1.5000E+00  5.0000E-01
 -1179   400   1   1   0   1      t/fs          ni(2+)    ni2zz=9820.2mu  
 -1.6000E+02  1.7000E+02  6.6711E+01  0.0000E+00  1.5000E+00  5.0000E-01
 -1229   400   1   1   0   1      t/fs          n0        ni0zz=9820.2mu  
 -1.6000E+02  1.7000E+02  6.6711E+01  0.0000E+00  1.5000E+00  5.0000E-01
   530   701   1   1   0   1      r             |a|^2     emarz=9900.2mu  
  1330   400   1   1   0   1      t/fs            |a|^2   emazz=9900.2mu  
 -1380   400   1   1   0   1      t/fs          arg(a)    emphz=9900.2mu  
 -1.6000E+02  1.7000E+02  6.6711E+01 -4.0000E+00  4.0000E+00  2.0000E+00
  -230   701   1   1   0   1      r             ne        rherz=9900.2mu  
  0.0000E+00  1.0000E+02  4.0000E+01  0.0000E+00  1.5000E+00  5.0000E-01
 -1030   400   1   1   0   1      t/fs          na        natzz=9900.2mu  
 -1.6000E+02  1.7000E+02  6.6711E+01  0.0000E+00  1.5000E+00  5.0000E-01
 -1130   400   1   1   0   1      t/fs          ne        rhezz=9900.2mu  
 -1.6000E+02  1.7000E+02  6.6711E+01  0.0000E+00  1.5000E+00  5.0000E-01
 -1080   400   1   1   0   1      t/fs          ni(1+)    ni1zz=9900.2mu  
 -1.6000E+02  1.7000E+02  6.6711E+01  0.0000E+00  1.5000E+00  5.0000E-01
 -1180   400   1   1   0   1      t/fs          ni(2+)    ni2zz=9900.2mu  
 -1.6000E+02  1.7000E+02  6.6711E+01  0.0000E+00  1.5000E+00  5.0000E-01
 -1230   400   1   1   0   1      t/fs          n0        ni0zz=9900.2mu  
 -1.6000E+02  1.7000E+02  6.6711E+01  0.0000E+00  1.5000E+00  5.0000E-01
   531   701   1   1   0   1      r             |a|^2     emarz=9980.2mu  
  1331   400   1   1   0   1      t/fs            |a|^2   emazz=9980.2mu  
 -1381   400   1   1   0   1      t/fs          arg(a)    emphz=9980.2mu  
 -1.6000E+02  1.7000E+02  6.6711E+01 -4.0000E+00  4.0000E+00  2.0000E+00
  -231   701   1   1   0   1      r             ne        rherz=9980.2mu  
  0.0000E+00  1.0000E+02  4.0000E+01  0.0000E+00  1.5000E+00  5.0000E-01
 -1031   400   1   1   0   1      t/fs          na        natzz=9980.2mu  
 -1.6000E+02  1.7000E+02  6.6711E+01  0.0000E+00  1.5000E+00  5.0000E-01
 -1131   400   1   1   0   1      t/fs          ne        rhezz=9980.2mu  
 -1.6000E+02  1.7000E+02  6.6711E+01  0.0000E+00  1.5000E+00  5.0000E-01
 -1081   400   1   1   0   1      t/fs          ni(1+)    ni1zz=9980.2mu  
 -1.6000E+02  1.7000E+02  6.6711E+01  0.0000E+00  1.5000E+00  5.0000E-01
 -1181   400   1   1   0   1      t/fs          ni(2+)    ni2zz=9980.2mu  
 -1.6000E+02  1.7000E+02  6.6711E+01  0.0000E+00  1.5000E+00  5.0000E-01
 -1231   400   1   1   0   1      t/fs          n0        ni0zz=9980.2mu  
 -1.6000E+02  1.7000E+02  6.6711E+01  0.0000E+00  1.5000E+00  5.0000E-01
  5000   200   1   1   0   1  z (microns)     Action      emac            
  5100   200   1   1   0   1  z (microns)  r_{1/e} (mu)   rmsb            
  5150   200   1   1   0   1  z (microns)   r(P_0/2) (mu) rpo2            
  5200   200   1   1   0   1  z (microns)       H         hami            
  5350   200   1   1   0   1  z (microns)    I0/Wcm^{-2}  i0r0            
  5300   200   1   1   0   1  z (microns)      I/I0(r=0)  a2r0            
  5600   200   1   1   0   1  z (microns)      Phi(0,0)   aphi            
  5400   200   1   1   0   1  z (microns)     n_e(r=0)    rer0            
  5420   200   1   1   0   1  z (microns)   n_{gas}(r=0)  nar0            
  5440   200   1   1   0   1  z (microns)     n_0         n0r0            
  5450   200   1   1   0   1  z (microns)     n_i(1+)     n1r0            
  5460   200   1   1   0   1  z (microns)     n_i(2+)     n2r0            
  5500   200   1   1   0   1  z (microns)   Thomson (w0)  a2ne            
  6000   200   1   1   0   1  z (microns)     Qtot        rhet            
