      7512.5000        26.1073
      7525.0005        26.1241
      7537.5000        26.1408
      7550.0005        26.1563
      7562.5005        26.1733
      7575.0005        26.1904
      7587.5005        26.2074
      7600.0005        26.2245
      7612.5005        26.2415
      7625.0000        26.2586
      7637.5005        26.2756
      7650.0000        26.2927
      7662.5005        26.3098
      7675.0005        26.3268
      7687.5005        26.3439
      7700.0005        26.3609
      7712.5000        26.3780
      7725.0005        26.3951
      7737.5000        26.4122
      7750.0005        26.4277
      7762.5005        26.4451
      7775.0005        26.4624
      7787.5005        26.4797
      7800.0005        26.4971
      7812.5005        26.5144
      7825.0000        26.5318
      7837.5005        26.5491
      7850.0000        26.5665
      7862.5005        26.5838
      7875.0005        26.6011
      7887.5005        26.6185
      7900.0005        26.6358
      7912.5005        26.6532
      7925.0005        26.6705
      7937.5000        26.6879
      7950.0005        26.7052
      7962.5000        26.7212
      7975.0005        26.7388
      7987.5005        26.7564
      8000.0005        26.7740
      8012.5005        26.7916
      8025.0005        26.8092
      8037.5005        26.8268
      8050.0000        26.8445
      8062.5005        26.8620
      8075.0000        26.8797
      8087.5005        26.8973
      8100.0005        26.9149
      8112.5005        26.9325
      8125.0005        26.9501
      8137.5005        26.9677
      8150.0005        26.9854
      8162.5000        27.0015
      8175.0005        27.0194
      8187.5005        27.0373
      8200.0010        27.0551
      8212.5000        27.0730
      8225.0000        27.0909
      8237.5000        27.1087
      8250.0010        27.1266
      8262.5000        27.1445
      8275.0000        27.1624
      8287.5010        27.1802
      8300.0000        27.1981
      8312.5010        27.2160
      8325.0000        27.2338
      8337.5000        27.2517
      8350.0000        27.2696
      8362.5010        27.2860
      8375.0000        27.3041
      8387.5000        27.3222
      8400.0010        27.3403
      8412.5000        27.3585
      8425.0010        27.3766
      8437.5000        27.3947
      8450.0000        27.4128
      8462.5000        27.4309
      8475.0010        27.4491
      8487.5000        27.4672
      8500.0000        27.4853
      8512.5000        27.5034
      8525.0010        27.5216
      8537.5010        27.5396
      8550.0000        27.5578
      8562.5000        27.5744
      8575.0010        27.5928
      8587.5010        27.6112
      8600.0010        27.6296
      8612.5000        27.6479
      8625.0000        27.6663
      8637.5010        27.6846
      8650.0010        27.7030
      8662.5000        27.7213
      8675.0000        27.7397
      8687.5000        27.7580
      8700.0010        27.7764
      8712.5010        27.7947
      8725.0000        27.8130
      8737.5000        27.8314
      8750.0010        27.8497
      8762.5010        27.8667
      8775.0000        27.8853
      8787.5000        27.9039
      8800.0000        27.9225
      8812.5010        27.9410
      8825.0010        27.9596
      8837.5000        27.9782
      8850.0000        27.9967
      8862.5010        28.0153
      8875.0010        28.0339
      8887.5000        28.0524
      8900.0000        28.0710
      8912.5000        28.0895
      8925.0010        28.1081
      8937.5010        28.1266
      8950.0000        28.1437
      8962.5000        28.1626
      8975.0000        28.1814
      8987.5010        28.2002
      9000.0000        28.2189
      9012.5000        28.2377
      9025.0010        28.2565
      9037.5010        28.2753
      9050.0010        28.2941
      9062.5000        28.3129
      9075.0000        28.3316
      9087.5010        28.3504
      9100.0010        28.3692
      9112.5000        28.3879
      9125.0000        28.4067
      9137.5000        28.4254
      9150.0010        28.4430
      9162.5010        28.4620
      9175.0000        28.4810
      9187.5000        28.5000
      9200.0000        28.5190
      9212.5010        28.5379
      9225.0000        28.5569
      9237.5000        28.5759
      9250.0000        28.5949
      9262.5000        28.6139
      9275.0010        28.6329
      9287.5000        28.6518
      9300.0000        28.6708
      9312.5010        28.6897
      9325.0010        28.7087
      9337.5010        28.7264
      9350.0000        28.7456
      9362.5000        28.7648
      9375.0010        28.7840
      9387.5010        28.8032
      9400.0000        28.8224
      9412.5000        28.8415
      9425.0000        28.8607
      9437.5010        28.8799
      9450.0010        28.8990
      9462.5000        28.9182
      9475.0000        28.9373
      9487.5000        28.9565
      9500.0010        28.9756
      9512.5000        28.9948
      9525.0000        29.0127
      9537.5000        29.0321
      9550.0010        29.0514
      9562.5010        29.0708
      9575.0000        29.0901
      9587.5000        29.1095
      9600.0010        29.1288
      9612.5010        29.1482
      9625.0000        29.1675
      9637.5000        29.1869
      9650.0000        29.2062
      9662.5010        29.2255
      9675.0010        29.2448
      9687.5000        29.2641
      9700.0000        29.2834
      9712.5010        29.3016
      9725.0010        29.3211
      9737.5000        29.3407
      9750.0000        29.3602
      9762.5000        29.3798
      9775.0010        29.3993
      9787.5010        29.4188
      9800.0000        29.4384
      9812.5000        29.4579
      9825.0010        29.4774
      9837.5010        29.4969
      9850.0000        29.5164
      9862.5000        29.5359
      9875.0000        29.5553
      9887.5010        29.5735
      9900.0010        29.5932
      9912.5000        29.6130
      9925.0000        29.6327
      9937.5000        29.6524
      9950.0010        29.6721
      9962.5000        29.6918
      9975.0000        29.7115
      9987.5000        29.7312
     10000.0010        29.7509
