      7512.5000        31.7263
      7525.0005        31.7467
      7537.5000        31.7672
      7550.0005        31.7876
      7562.5005        31.8080
      7575.0005        31.8285
      7587.5005        31.8489
      7600.0005        31.8682
      7612.5005        31.8890
      7625.0000        31.9098
      7637.5005        31.9306
      7650.0000        31.9514
      7662.5005        31.9721
      7675.0005        31.9929
      7687.5005        32.0137
      7700.0005        32.0344
      7712.5000        32.0551
      7725.0005        32.0758
      7737.5000        32.0965
      7750.0005        32.1173
      7762.5005        32.1380
      7775.0005        32.1577
      7787.5005        32.1788
      7800.0005        32.1999
      7812.5005        32.2209
      7825.0000        32.2420
      7837.5005        32.2630
      7850.0000        32.2840
      7862.5005        32.3050
      7875.0005        32.3260
      7887.5005        32.3471
      7900.0005        32.3681
      7912.5005        32.3890
      7925.0005        32.4101
      7937.5000        32.4298
      7950.0005        32.4512
      7962.5000        32.4725
      7975.0005        32.4938
      7987.5005        32.5152
      8000.0005        32.5365
      8012.5005        32.5578
      8025.0005        32.5791
      8037.5005        32.6004
      8050.0000        32.6217
      8062.5005        32.6430
      8075.0000        32.6642
      8087.5005        32.6855
      8100.0005        32.7068
      8112.5005        32.7270
      8125.0005        32.7486
      8137.5005        32.7702
      8150.0005        32.7918
      8162.5000        32.8134
      8175.0005        32.8350
      8187.5005        32.8565
      8200.0010        32.8781
      8212.5000        32.8996
      8225.0000        32.9212
      8237.5000        32.9427
      8250.0010        32.9642
      8262.5000        32.9857
      8275.0000        33.0061
      8287.5010        33.0280
      8300.0000        33.0498
      8312.5010        33.0716
      8325.0000        33.0935
      8337.5000        33.1153
      8350.0000        33.1371
      8362.5010        33.1589
      8375.0000        33.1807
      8387.5000        33.2025
      8400.0010        33.2243
      8412.5000        33.2461
      8425.0010        33.2678
      8437.5000        33.2884
      8450.0000        33.3105
      8462.5000        33.3326
      8475.0010        33.3547
      8487.5000        33.3768
      8500.0000        33.3989
      8512.5000        33.4209
      8525.0010        33.4430
      8537.5010        33.4650
      8550.0000        33.4870
      8562.5000        33.5090
      8575.0010        33.5311
      8587.5010        33.5530
      8600.0010        33.5739
      8612.5000        33.5962
      8625.0000        33.6185
      8637.5010        33.6409
      8650.0010        33.6632
      8662.5000        33.6855
      8675.0000        33.7078
      8687.5000        33.7300
      8700.0010        33.7523
      8712.5010        33.7746
      8725.0000        33.7968
      8737.5000        33.8190
      8750.0010        33.8412
      8762.5010        33.8623
      8775.0000        33.8850
      8787.5000        33.9075
      8800.0000        33.9300
      8812.5010        33.9526
      8825.0010        33.9751
      8837.5000        33.9976
      8850.0000        34.0201
      8862.5010        34.0426
      8875.0010        34.0650
      8887.5000        34.0875
      8900.0000        34.1100
      8912.5000        34.1324
      8925.0010        34.1538
      8937.5010        34.1766
      8950.0000        34.1994
      8962.5000        34.2221
      8975.0000        34.2449
      8987.5010        34.2676
      9000.0000        34.2903
      9012.5000        34.3130
      9025.0010        34.3357
      9037.5010        34.3584
      9050.0010        34.3811
      9062.5000        34.4037
      9075.0000        34.4264
      9087.5010        34.4481
      9100.0010        34.4711
      9112.5000        34.4941
      9125.0000        34.5171
      9137.5000        34.5400
      9150.0010        34.5630
      9162.5010        34.5859
      9175.0000        34.6088
      9187.5000        34.6317
      9200.0000        34.6546
      9212.5010        34.6774
      9225.0000        34.7003
      9237.5000        34.7221
      9250.0000        34.7453
      9262.5000        34.7685
      9275.0010        34.7917
      9287.5000        34.8148
      9300.0000        34.8380
      9312.5010        34.8611
      9325.0010        34.8842
      9337.5010        34.9073
      9350.0000        34.9304
      9362.5000        34.9534
      9375.0010        34.9765
      9387.5010        34.9995
      9400.0000        35.0217
      9412.5000        35.0451
      9425.0000        35.0685
      9437.5010        35.0919
      9450.0010        35.1152
      9462.5000        35.1385
      9475.0000        35.1618
      9487.5000        35.1851
      9500.0010        35.2084
      9512.5000        35.2316
      9525.0000        35.2549
      9537.5000        35.2781
      9550.0010        35.3004
      9562.5010        35.3239
      9575.0000        35.3475
      9587.5000        35.3710
      9600.0010        35.3945
      9612.5010        35.4180
      9625.0000        35.4415
      9637.5000        35.4650
      9650.0000        35.4884
      9662.5010        35.5119
      9675.0010        35.5353
      9687.5000        35.5586
      9700.0000        35.5811
      9712.5010        35.6048
      9725.0010        35.6285
      9737.5000        35.6522
      9750.0000        35.6759
      9762.5000        35.6996
      9775.0010        35.7233
      9787.5010        35.7469
      9800.0000        35.7706
      9812.5000        35.7942
      9825.0010        35.8178
      9837.5010        35.8413
      9850.0000        35.8639
      9862.5000        35.8878
      9875.0000        35.9117
      9887.5010        35.9356
      9900.0010        35.9595
      9912.5000        35.9833
      9925.0000        36.0071
      9937.5000        36.0310
      9950.0010        36.0548
      9962.5000        36.0786
      9975.0000        36.1023
      9987.5000        36.1261
     10000.0010        36.1488
