      7512.5000        34.4523
      7525.0005        34.4747
      7537.5000        34.4971
      7550.0005        34.5195
      7562.5005        34.5418
      7575.0005        34.5642
      7587.5005        34.5865
      7600.0005        34.6088
      7612.5005        34.6311
      7625.0000        34.6534
      7637.5005        34.6757
      7650.0000        34.6980
      7662.5005        34.7192
      7675.0005        34.7419
      7687.5005        34.7646
      7700.0005        34.7872
      7712.5000        34.8099
      7725.0005        34.8326
      7737.5000        34.8552
      7750.0005        34.8778
      7762.5005        34.9004
      7775.0005        34.9230
      7787.5005        34.9456
      7800.0005        34.9682
      7812.5005        34.9907
      7825.0000        35.0124
      7837.5005        35.0353
      7850.0000        35.0583
      7862.5005        35.0812
      7875.0005        35.1041
      7887.5005        35.1271
      7900.0005        35.1500
      7912.5005        35.1728
      7925.0005        35.1957
      7937.5000        35.2186
      7950.0005        35.2414
      7962.5000        35.2642
      7975.0005        35.2859
      7987.5005        35.3092
      8000.0005        35.3324
      8012.5005        35.3556
      8025.0005        35.3788
      8037.5005        35.4020
      8050.0000        35.4252
      8062.5005        35.4484
      8075.0000        35.4715
      8087.5005        35.4946
      8100.0005        35.5178
      8112.5005        35.5409
      8125.0005        35.5640
      8137.5005        35.5862
      8150.0005        35.6097
      8162.5000        35.6332
      8175.0005        35.6567
      8187.5005        35.6801
      8200.0010        35.7035
      8212.5000        35.7270
      8225.0000        35.7504
      8237.5000        35.7738
      8250.0010        35.7972
      8262.5000        35.8205
      8275.0000        35.8439
      8287.5010        35.8663
      8300.0000        35.8900
      8312.5010        35.9137
      8325.0000        35.9375
      8337.5000        35.9612
      8350.0000        35.9849
      8362.5010        36.0086
      8375.0000        36.0322
      8387.5000        36.0559
      8400.0010        36.0794
      8412.5000        36.1031
      8425.0010        36.1266
      8437.5000        36.1492
      8450.0000        36.1732
      8462.5000        36.1972
      8475.0010        36.2211
      8487.5000        36.2451
      8500.0000        36.2690
      8512.5000        36.2929
      8525.0010        36.3169
      8537.5010        36.3407
      8550.0000        36.3646
      8562.5000        36.3884
      8575.0010        36.4123
      8587.5010        36.4350
      8600.0010        36.4593
      8612.5000        36.4835
      8625.0000        36.5077
      8637.5010        36.5319
      8650.0010        36.5561
      8662.5000        36.5802
      8675.0000        36.6044
      8687.5000        36.6285
      8700.0010        36.6526
      8712.5010        36.6766
      8725.0000        36.7007
      8737.5000        36.7238
      8750.0010        36.7482
      8762.5010        36.7727
      8775.0000        36.7972
      8787.5000        36.8215
      8800.0000        36.8459
      8812.5010        36.8703
      8825.0010        36.8946
      8837.5000        36.9190
      8850.0000        36.9433
      8862.5010        36.9676
      8875.0010        36.9918
      8887.5000        37.0153
      8900.0000        37.0400
      8912.5000        37.0646
      8925.0010        37.0893
      8937.5010        37.1139
      8950.0000        37.1385
      8962.5000        37.1631
      8975.0000        37.1877
      8987.5010        37.2122
      9000.0000        37.2367
      9012.5000        37.2612
      9025.0010        37.2856
      9037.5010        37.3095
      9050.0010        37.3343
      9062.5000        37.3592
      9075.0000        37.3841
      9087.5010        37.4088
      9100.0010        37.4337
      9112.5000        37.4584
      9125.0000        37.4832
      9137.5000        37.5079
      9150.0010        37.5326
      9162.5010        37.5573
      9175.0000        37.5811
      9187.5000        37.6062
      9200.0000        37.6313
      9212.5010        37.6563
      9225.0000        37.6814
      9237.5000        37.7064
      9250.0000        37.7314
      9262.5000        37.7564
      9275.0010        37.7813
      9287.5000        37.8062
      9300.0000        37.8311
      9312.5010        37.8560
      9325.0010        37.8802
      9337.5010        37.9055
      9350.0000        37.9308
      9362.5000        37.9560
      9375.0010        37.9812
      9387.5010        38.0065
      9400.0000        38.0316
      9412.5000        38.0568
      9425.0000        38.0819
      9437.5010        38.1070
      9450.0010        38.1320
      9462.5000        38.1563
      9475.0000        38.1818
      9487.5000        38.2073
      9500.0010        38.2327
      9512.5000        38.2581
      9525.0000        38.2835
      9537.5000        38.3089
      9550.0010        38.3342
      9562.5010        38.3595
      9575.0000        38.3847
      9587.5000        38.4100
      9600.0010        38.4343
      9612.5010        38.4599
      9625.0000        38.4856
      9637.5000        38.5112
      9650.0000        38.5368
      9662.5010        38.5624
      9675.0010        38.5879
      9687.5000        38.6134
      9700.0000        38.6389
      9712.5010        38.6644
      9725.0010        38.6898
      9737.5000        38.7142
      9750.0000        38.7401
      9762.5000        38.7659
      9775.0010        38.7917
      9787.5010        38.8175
      9800.0000        38.8433
      9812.5000        38.8690
      9825.0010        38.8947
      9837.5010        38.9203
      9850.0000        38.9460
      9862.5000        38.9716
      9875.0000        38.9972
      9887.5010        39.0222
      9900.0010        39.0482
      9912.5000        39.0742
      9925.0000        39.1001
      9937.5000        39.1261
      9950.0010        39.1520
      9962.5000        39.1778
      9975.0000        39.2037
      9987.5000        39.2295
     10000.0010        39.2553
