      7512.5000        44.0678
      7525.0005        44.0960
      7537.5000        44.1241
      7550.0005        44.1515
      7562.5005        44.1802
      7575.0005        44.2090
      7587.5005        44.2376
      7600.0005        44.2663
      7612.5005        44.2949
      7625.0000        44.3234
      7637.5005        44.3519
      7650.0000        44.3804
      7662.5005        44.4089
      7675.0005        44.4365
      7687.5005        44.4656
      7700.0005        44.4945
      7712.5000        44.5235
      7725.0005        44.5525
      7737.5000        44.5813
      7750.0005        44.6102
      7762.5005        44.6390
      7775.0005        44.6677
      7787.5005        44.6964
      7800.0005        44.7245
      7812.5005        44.7539
      7825.0000        44.7831
      7837.5005        44.8124
      7850.0000        44.8416
      7862.5005        44.8707
      7875.0005        44.8998
      7887.5005        44.9289
      7900.0005        44.9579
      7912.5005        44.9868
      7925.0005        45.0153
      7937.5000        45.0449
      7950.0005        45.0745
      7962.5000        45.1039
      7975.0005        45.1333
      7987.5005        45.1628
      8000.0005        45.1921
      8012.5005        45.2214
      8025.0005        45.2507
      8037.5005        45.2799
      8050.0000        45.3088
      8062.5005        45.3386
      8075.0000        45.3684
      8087.5005        45.3982
      8100.0005        45.4280
      8112.5005        45.4576
      8125.0005        45.4872
      8137.5005        45.5167
      8150.0005        45.5463
      8162.5000        45.5750
      8175.0005        45.6052
      8187.5005        45.6352
      8200.0010        45.6652
      8212.5000        45.6952
      8225.0000        45.7253
      8237.5000        45.7550
      8250.0010        45.7849
      8262.5000        45.8147
      8275.0000        45.8445
      8287.5010        45.8737
      8300.0000        45.9041
      8312.5010        45.9343
      8325.0000        45.9647
      8337.5000        45.9948
      8350.0000        46.0250
      8362.5010        46.0552
      8375.0000        46.0853
      8387.5000        46.1153
      8400.0010        46.1443
      8412.5000        46.1750
      8425.0010        46.2056
      8437.5000        46.2361
      8450.0000        46.2666
      8462.5000        46.2970
      8475.0010        46.3274
      8487.5000        46.3577
      8500.0000        46.3879
      8512.5000        46.4181
      8525.0010        46.4480
      8537.5010        46.4788
      8550.0000        46.5096
      8562.5000        46.5403
      8575.0010        46.5711
      8587.5010        46.6016
      8600.0010        46.6323
      8612.5000        46.6628
      8625.0000        46.6932
      8637.5010        46.7230
      8650.0010        46.7541
      8662.5000        46.7851
      8675.0000        46.8162
      8687.5000        46.8471
      8700.0010        46.8780
      8712.5010        46.9088
      8725.0000        46.9395
      8737.5000        46.9702
      8750.0010        47.0000
      8762.5010        47.0314
      8775.0000        47.0627
      8787.5000        47.0939
      8800.0000        47.1251
      8812.5010        47.1562
      8825.0010        47.1872
      8837.5000        47.2183
      8850.0000        47.2492
      8862.5010        47.2801
      8875.0010        47.3106
      8887.5000        47.3422
      8900.0000        47.3736
      8912.5000        47.4050
      8925.0010        47.4364
      8937.5010        47.4676
      8950.0000        47.4988
      8962.5000        47.5300
      8975.0000        47.5612
      8987.5010        47.5918
      9000.0000        47.6235
      9012.5000        47.6552
      9025.0010        47.6868
      9037.5010        47.7184
      9050.0010        47.7499
      9062.5000        47.7813
      9075.0000        47.8127
      9087.5010        47.8439
      9100.0010        47.8749
      9112.5000        47.9068
      9125.0000        47.9387
      9137.5000        47.9705
      9150.0010        48.0023
      9162.5010        48.0340
      9175.0000        48.0657
      9187.5000        48.0972
      9200.0000        48.1287
      9212.5010        48.1597
      9225.0000        48.1919
      9237.5000        48.2240
      9250.0000        48.2560
      9262.5000        48.2880
      9275.0010        48.3200
      9287.5000        48.3518
      9300.0000        48.3835
      9312.5010        48.4153
      9325.0010        48.4465
      9337.5010        48.4789
      9350.0000        48.5112
      9362.5000        48.5434
      9375.0010        48.5756
      9387.5010        48.6077
      9400.0000        48.6397
      9412.5000        48.6717
      9425.0000        48.7036
      9437.5010        48.7351
      9450.0010        48.7676
      9462.5000        48.8001
      9475.0000        48.8325
      9487.5000        48.8649
      9500.0010        48.8971
      9512.5000        48.9293
      9525.0000        48.9615
      9537.5000        48.9936
      9550.0010        49.0254
      9562.5010        49.0580
      9575.0000        49.0906
      9587.5000        49.1232
      9600.0010        49.1557
      9612.5010        49.1882
      9625.0000        49.2206
      9637.5000        49.2529
      9650.0000        49.2851
      9662.5010        49.3172
      9675.0010        49.3501
      9687.5000        49.3828
      9700.0000        49.4156
      9712.5010        49.4483
      9725.0010        49.4809
      9737.5000        49.5134
      9750.0000        49.5460
      9762.5000        49.5777
      9775.0010        49.6108
      9787.5010        49.6438
      9800.0000        49.6769
      9812.5000        49.7097
      9825.0010        49.7426
      9837.5010        49.7753
      9850.0000        49.8081
      9862.5000        49.8407
      9875.0000        49.8727
      9887.5010        49.9061
      9900.0010        49.9392
      9912.5000        49.9724
      9925.0000        50.0054
      9937.5000        50.0385
      9950.0010        50.0714
      9962.5000        50.1042
      9975.0000        50.1370
      9987.5000        50.1696
     10000.0010        50.2029
