 7.5125E+03 0.0000E+00
 7.5250E+03 0.0000E+00
 7.5375E+03 0.0000E+00
 7.5500E+03 0.0000E+00
 7.5625E+03 0.0000E+00
 7.5750E+03 0.0000E+00
 7.5875E+03 0.0000E+00
 7.6000E+03 0.0000E+00
 7.6125E+03 0.0000E+00
 7.6250E+03 0.0000E+00
 7.6375E+03 0.0000E+00
 7.6500E+03 0.0000E+00
 7.6625E+03 0.0000E+00
 7.6750E+03 0.0000E+00
 7.6875E+03 0.0000E+00
 7.7000E+03 0.0000E+00
 7.7125E+03 0.0000E+00
 7.7250E+03 0.0000E+00
 7.7375E+03 0.0000E+00
 7.7500E+03 0.0000E+00
 7.7625E+03 0.0000E+00
 7.7750E+03 0.0000E+00
 7.7875E+03 0.0000E+00
 7.8000E+03 0.0000E+00
 7.8125E+03 0.0000E+00
 7.8250E+03 0.0000E+00
 7.8375E+03 0.0000E+00
 7.8500E+03 0.0000E+00
 7.8625E+03 0.0000E+00
 7.8750E+03 0.0000E+00
 7.8875E+03 0.0000E+00
 7.9000E+03 0.0000E+00
 7.9125E+03 0.0000E+00
 7.9250E+03 0.0000E+00
 7.9375E+03 0.0000E+00
 7.9500E+03 0.0000E+00
 7.9625E+03 0.0000E+00
 7.9750E+03 0.0000E+00
 7.9875E+03 0.0000E+00
 8.0000E+03 0.0000E+00
 8.0125E+03 0.0000E+00
 8.0250E+03 2.7363E+17
 8.0375E+03 2.7363E+17
 8.0500E+03 2.7363E+17
 8.0625E+03 2.7363E+17
 8.0750E+03 2.7363E+17
 8.0875E+03 2.7363E+17
 8.1000E+03 2.7363E+17
 8.1125E+03 2.7363E+17
 8.1250E+03 2.7363E+17
 8.1375E+03 2.7363E+17
 8.1500E+03 2.7363E+17
 8.1625E+03 2.7363E+17
 8.1750E+03 2.7363E+17
 8.1875E+03 2.7363E+17
 8.2000E+03 2.7380E+17
 8.2125E+03 2.7363E+17
 8.2250E+03 2.7363E+17
 8.2375E+03 2.7363E+17
 8.2500E+03 2.7380E+17
 8.2625E+03 2.7363E+17
 8.2750E+03 2.7363E+17
 8.2875E+03 2.7363E+17
 8.3000E+03 2.7363E+17
 8.3125E+03 2.7363E+17
 8.3250E+03 2.7363E+17
 8.3375E+03 2.7363E+17
 8.3500E+03 2.7363E+17
 8.3625E+03 2.7363E+17
 8.3750E+03 2.7363E+17
 8.3875E+03 2.7363E+17
 8.4000E+03 2.7363E+17
 8.4125E+03 2.7363E+17
 8.4250E+03 2.7363E+17
 8.4375E+03 2.7363E+17
 8.4500E+03 2.7363E+17
 8.4625E+03 2.7363E+17
 8.4750E+03 2.7363E+17
 8.4875E+03 2.7363E+17
 8.5000E+03 2.7347E+17
 8.5125E+03 2.7363E+17
 8.5250E+03 2.7380E+17
 8.5375E+03 2.7363E+17
 8.5500E+03 2.7363E+17
 8.5625E+03 2.7363E+17
 8.5750E+03 2.7380E+17
 8.5875E+03 2.7363E+17
 8.6000E+03 2.7363E+17
 8.6125E+03 2.7380E+17
 8.6250E+03 2.7363E+17
 8.6375E+03 2.7363E+17
 8.6500E+03 2.7363E+17
 8.6625E+03 2.7363E+17
 8.6750E+03 2.7363E+17
 8.6875E+03 2.7363E+17
 8.7000E+03 2.7363E+17
 8.7125E+03 2.7363E+17
 8.7250E+03 2.7363E+17
 8.7375E+03 2.7363E+17
 8.7500E+03 2.7363E+17
 8.7625E+03 2.7363E+17
 8.7750E+03 2.7363E+17
 8.7875E+03 2.7363E+17
 8.8000E+03 2.7363E+17
 8.8125E+03 2.7363E+17
 8.8250E+03 2.7363E+17
 8.8375E+03 2.7347E+17
 8.8500E+03 2.7347E+17
 8.8625E+03 2.7363E+17
 8.8750E+03 2.7363E+17
 8.8875E+03 2.7363E+17
 8.9000E+03 2.7363E+17
 8.9125E+03 2.7363E+17
 8.9250E+03 2.7363E+17
 8.9375E+03 2.7363E+17
 8.9500E+03 2.7380E+17
 8.9625E+03 2.7363E+17
 8.9750E+03 2.7363E+17
 8.9875E+03 2.7363E+17
 9.0000E+03 2.7363E+17
 9.0125E+03 2.7363E+17
 9.0250E+03 2.7363E+17
 9.0375E+03 2.7363E+17
 9.0500E+03 2.7363E+17
 9.0625E+03 2.7363E+17
 9.0750E+03 2.7363E+17
 9.0875E+03 2.7363E+17
 9.1000E+03 2.7363E+17
 9.1125E+03 2.7380E+17
 9.1250E+03 2.7363E+17
 9.1375E+03 2.7363E+17
 9.1500E+03 2.7363E+17
 9.1625E+03 2.7363E+17
 9.1750E+03 2.7363E+17
 9.1875E+03 2.7363E+17
 9.2000E+03 2.7363E+17
 9.2125E+03 2.7363E+17
 9.2250E+03 2.7363E+17
 9.2375E+03 2.7347E+17
 9.2500E+03 2.7363E+17
 9.2625E+03 2.7363E+17
 9.2750E+03 2.7363E+17
 9.2875E+03 2.7363E+17
 9.3000E+03 2.7363E+17
 9.3125E+03 2.7363E+17
 9.3250E+03 2.7363E+17
 9.3375E+03 2.7363E+17
 9.3500E+03 2.7363E+17
 9.3625E+03 2.7363E+17
 9.3750E+03 2.7380E+17
 9.3875E+03 2.7363E+17
 9.4000E+03 2.7363E+17
 9.4125E+03 2.7363E+17
 9.4250E+03 2.7363E+17
 9.4375E+03 2.7363E+17
 9.4500E+03 2.7363E+17
 9.4625E+03 2.7363E+17
 9.4750E+03 2.7380E+17
 9.4875E+03 2.7363E+17
 9.5000E+03 2.7363E+17
 9.5125E+03 2.7363E+17
 9.5250E+03 0.0000E+00
 9.5375E+03 0.0000E+00
 9.5500E+03 0.0000E+00
 9.5625E+03 0.0000E+00
 9.5750E+03 0.0000E+00
 9.5875E+03 0.0000E+00
 9.6000E+03 0.0000E+00
 9.6125E+03 0.0000E+00
 9.6250E+03 0.0000E+00
 9.6375E+03 0.0000E+00
 9.6500E+03 0.0000E+00
 9.6625E+03 0.0000E+00
 9.6750E+03 0.0000E+00
 9.6875E+03 0.0000E+00
 9.7000E+03 0.0000E+00
 9.7125E+03 0.0000E+00
 9.7250E+03 0.0000E+00
 9.7375E+03 0.0000E+00
 9.7500E+03 0.0000E+00
 9.7625E+03 0.0000E+00
 9.7750E+03 0.0000E+00
 9.7875E+03 0.0000E+00
 9.8000E+03 0.0000E+00
 9.8125E+03 0.0000E+00
 9.8250E+03 0.0000E+00
 9.8375E+03 0.0000E+00
 9.8500E+03 0.0000E+00
 9.8625E+03 0.0000E+00
 9.8750E+03 0.0000E+00
 9.8875E+03 0.0000E+00
 9.9000E+03 0.0000E+00
 9.9125E+03 0.0000E+00
 9.9250E+03 0.0000E+00
 9.9375E+03 0.0000E+00
 9.9500E+03 0.0000E+00
 9.9625E+03 0.0000E+00
 9.9750E+03 0.0000E+00
 9.9875E+03 0.0000E+00
 1.0000E+04 0.0000E+00
