 0.0000E+00 0.0000E+00
 2.8571E-01 0.0000E+00
 5.7143E-01 6.0794E-12
 8.5714E-01 6.7549E-12
 1.1429E+00 0.0000E+00
 1.4286E+00 5.6741E-12
 1.7143E+00 6.0794E-12
 2.0000E+00 6.3689E-12
 2.2857E+00 0.0000E+00
 2.5714E+00 1.2609E-11
 2.8571E+00 0.0000E+00
 3.1429E+00 1.1790E-11
 3.4286E+00 6.4172E-12
 3.7143E+00 0.0000E+00
 4.0000E+00 6.0794E-12
 4.2857E+00 0.0000E+00
 4.5714E+00 1.2159E-11
 4.8571E+00 0.0000E+00
 5.1429E+00 6.0794E-12
 5.4286E+00 0.0000E+00
 5.7143E+00 5.8768E-12
 6.0000E+00 5.9829E-12
 6.2857E+00 6.0794E-12
 6.5714E+00 0.0000E+00
 6.8571E+00 5.9106E-12
 7.1429E+00 5.9984E-12
 7.4286E+00 0.0000E+00
 7.7143E+00 5.8543E-12
 8.0000E+00 5.9347E-12
 8.2857E+00 0.0000E+00
 8.5714E+00 5.8092E-12
 8.8571E+00 5.8833E-12
 9.1429E+00 0.0000E+00
 9.4286E+00 5.7724E-12
 9.7143E+00 0.0000E+00
 1.0000E+01 5.6741E-12
 1.0286E+01 5.7417E-12
 1.0571E+01 0.0000E+00
 1.0857E+01 0.0000E+00
 1.1143E+01 1.1224E-11
 1.1429E+01 0.0000E+00
 1.1714E+01 1.1071E-11
 1.2000E+01 0.0000E+00
 1.2286E+01 1.0934E-11
 1.2571E+01 0.0000E+00
 1.2857E+01 5.3139E-12
 1.3143E+01 5.3746E-12
 1.3429E+01 0.0000E+00
 1.3714E+01 5.3195E-12
 1.4000E+01 0.0000E+00
 1.4286E+01 0.0000E+00
 1.4571E+01 5.1655E-12
 1.4857E+01 0.0000E+00
 1.5143E+01 5.1235E-12
 1.5429E+01 0.0000E+00
 1.5714E+01 5.0846E-12
 1.6000E+01 0.0000E+00
 1.6286E+01 0.0000E+00
 1.6571E+01 0.0000E+00
 1.6857E+01 4.8773E-12
 1.7143E+01 0.0000E+00
 1.7429E+01 4.8503E-12
 1.7714E+01 0.0000E+00
 1.8000E+01 4.6963E-12
 1.8286E+01 4.7495E-12
 1.8571E+01 0.0000E+00
 1.8857E+01 4.6056E-12
 1.9143E+01 0.0000E+00
 1.9429E+01 0.0000E+00
 1.9714E+01 4.5229E-12
 2.0000E+01 0.0000E+00
 2.0286E+01 0.0000E+00
 2.0571E+01 4.3344E-12
 2.0857E+01 4.3861E-12
 2.1143E+01 0.0000E+00
 2.1429E+01 0.0000E+00
 2.1714E+01 4.2129E-12
 2.2000E+01 0.0000E+00
 2.2286E+01 4.1049E-12
 2.2571E+01 0.0000E+00
 2.2857E+01 0.0000E+00
 2.3143E+01 0.0000E+00
 2.3429E+01 0.0000E+00
 2.3714E+01 0.0000E+00
 2.4000E+01 0.0000E+00
 2.4286E+01 0.0000E+00
 2.4571E+01 0.0000E+00
 2.4857E+01 0.0000E+00
 2.5143E+01 0.0000E+00
 2.5429E+01 0.0000E+00
 2.5714E+01 0.0000E+00
 2.6000E+01 0.0000E+00
 2.6286E+01 0.0000E+00
 2.6571E+01 0.0000E+00
 2.6857E+01 0.0000E+00
 2.7143E+01 0.0000E+00
 2.7429E+01 0.0000E+00
 2.7714E+01 3.3008E-12
 2.8000E+01 0.0000E+00
 2.8286E+01 3.2342E-12
 2.8571E+01 0.0000E+00
 2.8857E+01 0.0000E+00
 2.9143E+01 3.0596E-12
 2.9429E+01 0.0000E+00
 2.9714E+01 0.0000E+00
 3.0000E+01 0.0000E+00
 3.0286E+01 2.9441E-12
 3.0571E+01 0.0000E+00
 3.0857E+01 0.0000E+00
 3.1143E+01 0.0000E+00
 3.1429E+01 2.7634E-12
 3.1714E+01 0.0000E+00
 3.2000E+01 0.0000E+00
 3.2286E+01 0.0000E+00
 3.2571E+01 0.0000E+00
 3.2857E+01 0.0000E+00
 3.3143E+01 0.0000E+00
 3.3429E+01 0.0000E+00
 3.3714E+01 0.0000E+00
 3.4000E+01 0.0000E+00
 3.4286E+01 0.0000E+00
 3.4571E+01 0.0000E+00
 3.4857E+01 0.0000E+00
 3.5143E+01 0.0000E+00
 3.5429E+01 0.0000E+00
 3.5714E+01 0.0000E+00
 3.6000E+01 0.0000E+00
 3.6286E+01 0.0000E+00
 3.6571E+01 0.0000E+00
 3.6857E+01 0.0000E+00
 3.7143E+01 2.0265E-12
 3.7429E+01 0.0000E+00
 3.7714E+01 0.0000E+00
 3.8000E+01 0.0000E+00
 3.8286E+01 0.0000E+00
 3.8571E+01 0.0000E+00
 3.8857E+01 0.0000E+00
 3.9143E+01 0.0000E+00
 3.9429E+01 0.0000E+00
 3.9714E+01 0.0000E+00
 4.0000E+01 0.0000E+00
 4.0286E+01 0.0000E+00
 4.0571E+01 0.0000E+00
 4.0857E+01 0.0000E+00
 4.1143E+01 0.0000E+00
 4.1429E+01 0.0000E+00
 4.1714E+01 0.0000E+00
 4.2000E+01 0.0000E+00
 4.2286E+01 0.0000E+00
 4.2571E+01 0.0000E+00
 4.2857E+01 0.0000E+00
 4.3143E+01 0.0000E+00
 4.3429E+01 0.0000E+00
 4.3714E+01 0.0000E+00
 4.4000E+01 0.0000E+00
 4.4286E+01 0.0000E+00
 4.4571E+01 0.0000E+00
 4.4857E+01 0.0000E+00
 4.5143E+01 0.0000E+00
 4.5429E+01 0.0000E+00
 4.5714E+01 1.1399E-12
 4.6000E+01 0.0000E+00
 4.6286E+01 1.0758E-12
 4.6571E+01 0.0000E+00
 4.6857E+01 0.0000E+00
 4.7143E+01 0.0000E+00
 4.7429E+01 0.0000E+00
 4.7714E+01 0.0000E+00
 4.8000E+01 0.0000E+00
 4.8286E+01 0.0000E+00
 4.8571E+01 0.0000E+00
 4.8857E+01 0.0000E+00
 4.9143E+01 0.0000E+00
 4.9429E+01 0.0000E+00
 4.9714E+01 0.0000E+00
 5.0000E+01 0.0000E+00
 5.0286E+01 0.0000E+00
 5.0571E+01 0.0000E+00
 5.0857E+01 0.0000E+00
 5.1143E+01 0.0000E+00
 5.1429E+01 0.0000E+00
 5.1714E+01 0.0000E+00
 5.2000E+01 0.0000E+00
 5.2286E+01 0.0000E+00
 5.2571E+01 0.0000E+00
 5.2857E+01 0.0000E+00
 5.3143E+01 6.3191E-13
 5.3429E+01 0.0000E+00
 5.3714E+01 0.0000E+00
 5.4000E+01 5.7899E-13
 5.4286E+01 0.0000E+00
 5.4571E+01 0.0000E+00
 5.4857E+01 0.0000E+00
 5.5143E+01 5.2499E-13
 5.5429E+01 0.0000E+00
 5.5714E+01 0.0000E+00
 5.6000E+01 0.0000E+00
 5.6286E+01 0.0000E+00
 5.6571E+01 0.0000E+00
 5.6857E+01 0.0000E+00
 5.7143E+01 0.0000E+00
 5.7429E+01 0.0000E+00
 5.7714E+01 0.0000E+00
 5.8000E+01 4.1927E-13
 5.8286E+01 0.0000E+00
 5.8571E+01 3.7564E-13
 5.8857E+01 0.0000E+00
 5.9143E+01 0.0000E+00
 5.9429E+01 0.0000E+00
 5.9714E+01 0.0000E+00
 6.0000E+01 0.0000E+00
 6.0286E+01 0.0000E+00
 6.0571E+01 0.0000E+00
 6.0857E+01 0.0000E+00
 6.1143E+01 0.0000E+00
 6.1429E+01 0.0000E+00
 6.1714E+01 0.0000E+00
 6.2000E+01 0.0000E+00
 6.2286E+01 0.0000E+00
 6.2571E+01 0.0000E+00
 6.2857E+01 0.0000E+00
 6.3143E+01 0.0000E+00
 6.3429E+01 0.0000E+00
 6.3714E+01 0.0000E+00
 6.4000E+01 0.0000E+00
 6.4286E+01 0.0000E+00
 6.4571E+01 0.0000E+00
 6.4857E+01 0.0000E+00
 6.5143E+01 0.0000E+00
 6.5429E+01 1.9469E-13
 6.5714E+01 0.0000E+00
 6.6000E+01 0.0000E+00
 6.6286E+01 0.0000E+00
 6.6571E+01 0.0000E+00
 6.6857E+01 0.0000E+00
 6.7143E+01 0.0000E+00
 6.7429E+01 1.5456E-13
 6.7714E+01 0.0000E+00
 6.8000E+01 0.0000E+00
 6.8286E+01 0.0000E+00
 6.8571E+01 0.0000E+00
 6.8857E+01 0.0000E+00
 6.9143E+01 0.0000E+00
 6.9429E+01 0.0000E+00
 6.9714E+01 0.0000E+00
 7.0000E+01 1.1580E-13
 7.0286E+01 0.0000E+00
 7.0571E+01 0.0000E+00
 7.0857E+01 1.1440E-13
 7.1143E+01 0.0000E+00
 7.1429E+01 0.0000E+00
 7.1714E+01 0.0000E+00
 7.2000E+01 0.0000E+00
 7.2286E+01 0.0000E+00
 7.2571E+01 7.9783E-14
 7.2857E+01 0.0000E+00
 7.3143E+01 0.0000E+00
 7.3429E+01 7.8852E-14
 7.3714E+01 0.0000E+00
 7.4000E+01 0.0000E+00
 7.4286E+01 0.0000E+00
 7.4571E+01 7.7644E-14
 7.4857E+01 0.0000E+00
 7.5143E+01 0.0000E+00
 7.5429E+01 0.0000E+00
 7.5714E+01 0.0000E+00
 7.6000E+01 0.0000E+00
 7.6286E+01 0.0000E+00
 7.6571E+01 4.5369E-14
 7.6857E+01 0.0000E+00
 7.7143E+01 0.0000E+00
 7.7429E+01 4.4867E-14
 7.7714E+01 0.0000E+00
 7.8000E+01 4.4538E-14
 7.8286E+01 0.0000E+00
 7.8571E+01 4.4213E-14
 7.8857E+01 0.0000E+00
 7.9143E+01 0.0000E+00
 7.9429E+01 4.3736E-14
 7.9714E+01 0.0000E+00
 8.0000E+01 0.0000E+00
 8.0286E+01 0.0000E+00
 8.0571E+01 0.0000E+00
 8.0857E+01 0.0000E+00
 8.1143E+01 0.0000E+00
 8.1429E+01 0.0000E+00
 8.1714E+01 0.0000E+00
 8.2000E+01 0.0000E+00
 8.2286E+01 0.0000E+00
 8.2571E+01 0.0000E+00
 8.2857E+01 0.0000E+00
 8.3143E+01 0.0000E+00
 8.3429E+01 0.0000E+00
 8.3714E+01 1.3833E-14
 8.4000E+01 0.0000E+00
 8.4286E+01 0.0000E+00
 8.4571E+01 0.0000E+00
 8.4857E+01 1.3646E-14
 8.5143E+01 0.0000E+00
 8.5429E+01 0.0000E+00
 8.5714E+01 1.3510E-14
 8.6000E+01 0.0000E+00
 8.6286E+01 1.3421E-14
 8.6571E+01 0.0000E+00
 8.6857E+01 1.3332E-14
 8.7143E+01 0.0000E+00
 8.7429E+01 1.3245E-14
 8.7714E+01 0.0000E+00
 8.8000E+01 1.3159E-14
 8.8286E+01 0.0000E+00
 8.8571E+01 1.3074E-14
 8.8857E+01 0.0000E+00
 8.9143E+01 0.0000E+00
 8.9429E+01 1.2948E-14
 8.9714E+01 0.0000E+00
 9.0000E+01 0.0000E+00
 9.0286E+01 1.2826E-14
 9.0571E+01 0.0000E+00
 9.0857E+01 0.0000E+00
 9.1143E+01 1.2705E-14
 9.1429E+01 0.0000E+00
 9.1714E+01 0.0000E+00
 9.2000E+01 0.0000E+00
 9.2286E+01 1.2548E-14
 9.2571E+01 0.0000E+00
 9.2857E+01 0.0000E+00
 9.3143E+01 0.0000E+00
 9.3429E+01 1.2394E-14
 9.3714E+01 0.0000E+00
 9.4000E+01 0.0000E+00
 9.4286E+01 0.0000E+00
 9.4571E+01 0.0000E+00
 9.4857E+01 0.0000E+00
 9.5143E+01 1.2171E-14
 9.5429E+01 0.0000E+00
 9.5714E+01 0.0000E+00
 9.6000E+01 0.0000E+00
 9.6286E+01 0.0000E+00
 9.6571E+01 0.0000E+00
 9.6857E+01 0.0000E+00
 9.7143E+01 1.1921E-14
 9.7429E+01 0.0000E+00
 9.7714E+01 0.0000E+00
 9.8000E+01 0.0000E+00
 9.8286E+01 0.0000E+00
 9.8571E+01 0.0000E+00
 9.8857E+01 0.0000E+00
 9.9143E+01 0.0000E+00
 9.9429E+01 0.0000E+00
 9.9714E+01 0.0000E+00
 1.0000E+02 1.1580E-14
 1.0029E+02 0.0000E+00
 1.0057E+02 0.0000E+00
 1.0086E+02 0.0000E+00
 1.0114E+02 0.0000E+00
 1.0143E+02 0.0000E+00
 1.0171E+02 0.0000E+00
 1.0200E+02 0.0000E+00
 1.0229E+02 0.0000E+00
 1.0257E+02 0.0000E+00
 1.0286E+02 0.0000E+00
 1.0314E+02 0.0000E+00
 1.0343E+02 0.0000E+00
 1.0371E+02 0.0000E+00
 1.0400E+02 0.0000E+00
 1.0429E+02 0.0000E+00
 1.0457E+02 0.0000E+00
 1.0486E+02 1.1044E-14
 1.0514E+02 0.0000E+00
 1.0543E+02 0.0000E+00
 1.0571E+02 0.0000E+00
 1.0600E+02 0.0000E+00
 1.0629E+02 0.0000E+00
 1.0657E+02 0.0000E+00
 1.0686E+02 0.0000E+00
 1.0714E+02 0.0000E+00
 1.0743E+02 0.0000E+00
 1.0771E+02 0.0000E+00
 1.0800E+02 0.0000E+00
 1.0829E+02 0.0000E+00
 1.0857E+02 0.0000E+00
 1.0886E+02 0.0000E+00
 1.0914E+02 0.0000E+00
 1.0943E+02 0.0000E+00
 1.0971E+02 0.0000E+00
 1.1000E+02 0.0000E+00
 1.1029E+02 0.0000E+00
 1.1057E+02 0.0000E+00
 1.1086E+02 0.0000E+00
 1.1114E+02 0.0000E+00
 1.1143E+02 0.0000E+00
 1.1171E+02 0.0000E+00
 1.1200E+02 0.0000E+00
 1.1229E+02 0.0000E+00
 1.1257E+02 0.0000E+00
 1.1286E+02 0.0000E+00
 1.1314E+02 0.0000E+00
 1.1343E+02 0.0000E+00
 1.1371E+02 0.0000E+00
 1.1400E+02 0.0000E+00
 1.1429E+02 0.0000E+00
 1.1457E+02 0.0000E+00
 1.1486E+02 0.0000E+00
 1.1514E+02 0.0000E+00
 1.1543E+02 0.0000E+00
 1.1571E+02 0.0000E+00
 1.1600E+02 0.0000E+00
 1.1629E+02 0.0000E+00
 1.1657E+02 0.0000E+00
 1.1686E+02 0.0000E+00
 1.1714E+02 0.0000E+00
 1.1743E+02 0.0000E+00
 1.1771E+02 0.0000E+00
 1.1800E+02 0.0000E+00
 1.1829E+02 0.0000E+00
 1.1857E+02 0.0000E+00
 1.1886E+02 0.0000E+00
 1.1914E+02 0.0000E+00
 1.1943E+02 0.0000E+00
 1.1971E+02 0.0000E+00
 1.2000E+02 0.0000E+00
 1.2029E+02 0.0000E+00
 1.2057E+02 0.0000E+00
 1.2086E+02 0.0000E+00
 1.2114E+02 0.0000E+00
 1.2143E+02 0.0000E+00
 1.2171E+02 0.0000E+00
 1.2200E+02 0.0000E+00
 1.2229E+02 0.0000E+00
 1.2257E+02 0.0000E+00
 1.2286E+02 0.0000E+00
 1.2314E+02 0.0000E+00
 1.2343E+02 0.0000E+00
 1.2371E+02 0.0000E+00
 1.2400E+02 0.0000E+00
 1.2429E+02 0.0000E+00
 1.2457E+02 0.0000E+00
 1.2486E+02 0.0000E+00
 1.2514E+02 0.0000E+00
 1.2543E+02 0.0000E+00
 1.2571E+02 0.0000E+00
 1.2600E+02 0.0000E+00
 1.2629E+02 0.0000E+00
 1.2657E+02 0.0000E+00
 1.2686E+02 0.0000E+00
 1.2714E+02 0.0000E+00
 1.2743E+02 0.0000E+00
 1.2771E+02 0.0000E+00
 1.2800E+02 0.0000E+00
 1.2829E+02 0.0000E+00
 1.2857E+02 0.0000E+00
 1.2886E+02 0.0000E+00
 1.2914E+02 0.0000E+00
 1.2943E+02 0.0000E+00
 1.2971E+02 0.0000E+00
 1.3000E+02 0.0000E+00
 1.3029E+02 0.0000E+00
 1.3057E+02 0.0000E+00
 1.3086E+02 0.0000E+00
 1.3114E+02 0.0000E+00
 1.3143E+02 0.0000E+00
 1.3171E+02 0.0000E+00
 1.3200E+02 0.0000E+00
 1.3229E+02 0.0000E+00
 1.3257E+02 0.0000E+00
 1.3286E+02 0.0000E+00
 1.3314E+02 0.0000E+00
 1.3343E+02 0.0000E+00
 1.3371E+02 0.0000E+00
 1.3400E+02 0.0000E+00
 1.3429E+02 0.0000E+00
 1.3457E+02 0.0000E+00
 1.3486E+02 0.0000E+00
 1.3514E+02 0.0000E+00
 1.3543E+02 0.0000E+00
 1.3571E+02 0.0000E+00
 1.3600E+02 0.0000E+00
 1.3629E+02 0.0000E+00
 1.3657E+02 0.0000E+00
 1.3686E+02 0.0000E+00
 1.3714E+02 0.0000E+00
 1.3743E+02 0.0000E+00
 1.3771E+02 0.0000E+00
 1.3800E+02 0.0000E+00
 1.3829E+02 0.0000E+00
 1.3857E+02 0.0000E+00
 1.3886E+02 0.0000E+00
 1.3914E+02 0.0000E+00
 1.3943E+02 0.0000E+00
 1.3971E+02 0.0000E+00
 1.4000E+02 0.0000E+00
 1.4029E+02 0.0000E+00
 1.4057E+02 0.0000E+00
 1.4086E+02 0.0000E+00
 1.4114E+02 0.0000E+00
 1.4143E+02 0.0000E+00
 1.4171E+02 0.0000E+00
 1.4200E+02 0.0000E+00
 1.4229E+02 0.0000E+00
 1.4257E+02 0.0000E+00
 1.4286E+02 0.0000E+00
 1.4314E+02 0.0000E+00
 1.4343E+02 0.0000E+00
 1.4371E+02 0.0000E+00
 1.4400E+02 0.0000E+00
 1.4429E+02 0.0000E+00
 1.4457E+02 0.0000E+00
 1.4486E+02 0.0000E+00
 1.4514E+02 0.0000E+00
 1.4543E+02 0.0000E+00
 1.4571E+02 0.0000E+00
 1.4600E+02 0.0000E+00
 1.4629E+02 0.0000E+00
 1.4657E+02 0.0000E+00
 1.4686E+02 0.0000E+00
 1.4714E+02 0.0000E+00
 1.4743E+02 0.0000E+00
 1.4771E+02 0.0000E+00
 1.4800E+02 0.0000E+00
 1.4829E+02 0.0000E+00
 1.4857E+02 0.0000E+00
 1.4886E+02 0.0000E+00
 1.4914E+02 0.0000E+00
 1.4943E+02 0.0000E+00
 1.4971E+02 0.0000E+00
 1.5000E+02 0.0000E+00
 1.5029E+02 0.0000E+00
 1.5057E+02 0.0000E+00
 1.5086E+02 0.0000E+00
 1.5114E+02 0.0000E+00
 1.5143E+02 0.0000E+00
 1.5171E+02 0.0000E+00
 1.5200E+02 0.0000E+00
 1.5229E+02 0.0000E+00
 1.5257E+02 0.0000E+00
 1.5286E+02 0.0000E+00
 1.5314E+02 0.0000E+00
 1.5343E+02 0.0000E+00
 1.5371E+02 0.0000E+00
 1.5400E+02 0.0000E+00
 1.5429E+02 0.0000E+00
 1.5457E+02 0.0000E+00
 1.5486E+02 0.0000E+00
 1.5514E+02 0.0000E+00
 1.5543E+02 0.0000E+00
 1.5571E+02 0.0000E+00
 1.5600E+02 0.0000E+00
 1.5629E+02 0.0000E+00
 1.5657E+02 0.0000E+00
 1.5686E+02 0.0000E+00
 1.5714E+02 0.0000E+00
 1.5743E+02 0.0000E+00
 1.5771E+02 0.0000E+00
 1.5800E+02 0.0000E+00
 1.5829E+02 0.0000E+00
 1.5857E+02 0.0000E+00
 1.5886E+02 0.0000E+00
 1.5914E+02 0.0000E+00
 1.5943E+02 0.0000E+00
 1.5971E+02 0.0000E+00
 1.6000E+02 0.0000E+00
 1.6029E+02 0.0000E+00
 1.6057E+02 0.0000E+00
 1.6086E+02 0.0000E+00
 1.6114E+02 0.0000E+00
 1.6143E+02 0.0000E+00
 1.6171E+02 0.0000E+00
 1.6200E+02 0.0000E+00
 1.6229E+02 0.0000E+00
 1.6257E+02 0.0000E+00
 1.6286E+02 0.0000E+00
 1.6314E+02 0.0000E+00
 1.6343E+02 0.0000E+00
 1.6371E+02 0.0000E+00
 1.6400E+02 0.0000E+00
 1.6429E+02 0.0000E+00
 1.6457E+02 0.0000E+00
 1.6486E+02 0.0000E+00
 1.6514E+02 0.0000E+00
 1.6543E+02 0.0000E+00
 1.6571E+02 0.0000E+00
 1.6600E+02 0.0000E+00
 1.6629E+02 0.0000E+00
 1.6657E+02 0.0000E+00
 1.6686E+02 0.0000E+00
 1.6714E+02 0.0000E+00
 1.6743E+02 0.0000E+00
 1.6771E+02 0.0000E+00
 1.6800E+02 0.0000E+00
 1.6829E+02 0.0000E+00
 1.6857E+02 0.0000E+00
 1.6886E+02 0.0000E+00
 1.6914E+02 0.0000E+00
 1.6943E+02 0.0000E+00
 1.6971E+02 0.0000E+00
 1.7000E+02 0.0000E+00
 1.7029E+02 0.0000E+00
 1.7057E+02 0.0000E+00
 1.7086E+02 0.0000E+00
 1.7114E+02 0.0000E+00
 1.7143E+02 0.0000E+00
 1.7171E+02 0.0000E+00
 1.7200E+02 0.0000E+00
 1.7229E+02 0.0000E+00
 1.7257E+02 0.0000E+00
 1.7286E+02 0.0000E+00
 1.7314E+02 0.0000E+00
 1.7343E+02 0.0000E+00
 1.7371E+02 0.0000E+00
 1.7400E+02 0.0000E+00
 1.7429E+02 0.0000E+00
 1.7457E+02 0.0000E+00
 1.7486E+02 0.0000E+00
 1.7514E+02 0.0000E+00
 1.7543E+02 0.0000E+00
 1.7571E+02 0.0000E+00
 1.7600E+02 0.0000E+00
 1.7629E+02 0.0000E+00
 1.7657E+02 0.0000E+00
 1.7686E+02 0.0000E+00
 1.7714E+02 0.0000E+00
 1.7743E+02 0.0000E+00
 1.7771E+02 0.0000E+00
 1.7800E+02 0.0000E+00
 1.7829E+02 0.0000E+00
 1.7857E+02 0.0000E+00
 1.7886E+02 0.0000E+00
 1.7914E+02 0.0000E+00
 1.7943E+02 0.0000E+00
 1.7971E+02 0.0000E+00
 1.8000E+02 0.0000E+00
 1.8029E+02 0.0000E+00
 1.8057E+02 0.0000E+00
 1.8086E+02 0.0000E+00
 1.8114E+02 0.0000E+00
 1.8143E+02 0.0000E+00
 1.8171E+02 0.0000E+00
 1.8200E+02 0.0000E+00
 1.8229E+02 0.0000E+00
 1.8257E+02 0.0000E+00
 1.8286E+02 0.0000E+00
 1.8314E+02 0.0000E+00
 1.8343E+02 0.0000E+00
 1.8371E+02 0.0000E+00
 1.8400E+02 0.0000E+00
 1.8429E+02 0.0000E+00
 1.8457E+02 0.0000E+00
 1.8486E+02 0.0000E+00
 1.8514E+02 0.0000E+00
 1.8543E+02 0.0000E+00
 1.8571E+02 0.0000E+00
 1.8600E+02 0.0000E+00
 1.8629E+02 0.0000E+00
 1.8657E+02 0.0000E+00
 1.8686E+02 0.0000E+00
 1.8714E+02 0.0000E+00
 1.8743E+02 0.0000E+00
 1.8771E+02 0.0000E+00
 1.8800E+02 0.0000E+00
 1.8829E+02 0.0000E+00
 1.8857E+02 0.0000E+00
 1.8886E+02 0.0000E+00
 1.8914E+02 0.0000E+00
 1.8943E+02 0.0000E+00
 1.8971E+02 0.0000E+00
 1.9000E+02 0.0000E+00
 1.9029E+02 0.0000E+00
 1.9057E+02 0.0000E+00
 1.9086E+02 0.0000E+00
 1.9114E+02 0.0000E+00
 1.9143E+02 0.0000E+00
 1.9171E+02 0.0000E+00
 1.9200E+02 0.0000E+00
 1.9229E+02 0.0000E+00
 1.9257E+02 0.0000E+00
 1.9286E+02 0.0000E+00
 1.9314E+02 0.0000E+00
 1.9343E+02 0.0000E+00
 1.9371E+02 0.0000E+00
 1.9400E+02 0.0000E+00
 1.9429E+02 0.0000E+00
 1.9457E+02 0.0000E+00
 1.9486E+02 0.0000E+00
 1.9514E+02 0.0000E+00
 1.9543E+02 0.0000E+00
 1.9571E+02 0.0000E+00
 1.9600E+02 0.0000E+00
 1.9629E+02 0.0000E+00
 1.9657E+02 0.0000E+00
 1.9686E+02 0.0000E+00
 1.9714E+02 0.0000E+00
 1.9743E+02 0.0000E+00
 1.9771E+02 0.0000E+00
 1.9800E+02 0.0000E+00
 1.9829E+02 0.0000E+00
 1.9857E+02 0.0000E+00
 1.9886E+02 0.0000E+00
 1.9914E+02 0.0000E+00
 1.9943E+02 0.0000E+00
 1.9971E+02 0.0000E+00
 2.0000E+02 0.0000E+00
