 0.0000E+00 1.0000E+00
 2.8571E-01 1.0000E+00
 5.7143E-01 1.0000E+00
 8.5714E-01 1.0000E+00
 1.1429E+00 1.0000E+00
 1.4286E+00 1.0000E+00
 1.7143E+00 1.0000E+00
 2.0000E+00 1.0000E+00
 2.2857E+00 1.0000E+00
 2.5714E+00 1.0000E+00
 2.8571E+00 1.0000E+00
 3.1429E+00 1.0000E+00
 3.4286E+00 1.0000E+00
 3.7143E+00 1.0000E+00
 4.0000E+00 1.0000E+00
 4.2857E+00 1.0000E+00
 4.5714E+00 1.0000E+00
 4.8571E+00 1.0000E+00
 5.1429E+00 1.0000E+00
 5.4286E+00 1.0000E+00
 5.7143E+00 1.0000E+00
 6.0000E+00 1.0000E+00
 6.2857E+00 1.0000E+00
 6.5714E+00 1.0000E+00
 6.8571E+00 1.0000E+00
 7.1429E+00 1.0000E+00
 7.4286E+00 1.0000E+00
 7.7143E+00 1.0000E+00
 8.0000E+00 1.0000E+00
 8.2857E+00 1.0000E+00
 8.5714E+00 1.0000E+00
 8.8571E+00 1.0000E+00
 9.1429E+00 1.0000E+00
 9.4286E+00 1.0000E+00
 9.7143E+00 1.0000E+00
 1.0000E+01 1.0000E+00
 1.0286E+01 1.0000E+00
 1.0571E+01 1.0000E+00
 1.0857E+01 1.0000E+00
 1.1143E+01 1.0000E+00
 1.1429E+01 1.0000E+00
 1.1714E+01 1.0000E+00
 1.2000E+01 1.0000E+00
 1.2286E+01 1.0000E+00
 1.2571E+01 1.0000E+00
 1.2857E+01 1.0000E+00
 1.3143E+01 1.0000E+00
 1.3429E+01 1.0000E+00
 1.3714E+01 1.0000E+00
 1.4000E+01 1.0000E+00
 1.4286E+01 1.0000E+00
 1.4571E+01 1.0000E+00
 1.4857E+01 1.0000E+00
 1.5143E+01 1.0000E+00
 1.5429E+01 1.0000E+00
 1.5714E+01 1.0000E+00
 1.6000E+01 1.0000E+00
 1.6286E+01 1.0000E+00
 1.6571E+01 1.0000E+00
 1.6857E+01 1.0000E+00
 1.7143E+01 1.0000E+00
 1.7429E+01 1.0000E+00
 1.7714E+01 1.0000E+00
 1.8000E+01 1.0000E+00
 1.8286E+01 1.0000E+00
 1.8571E+01 1.0000E+00
 1.8857E+01 1.0000E+00
 1.9143E+01 1.0000E+00
 1.9429E+01 1.0000E+00
 1.9714E+01 1.0000E+00
 2.0000E+01 1.0000E+00
 2.0286E+01 1.0000E+00
 2.0571E+01 1.0000E+00
 2.0857E+01 1.0000E+00
 2.1143E+01 1.0000E+00
 2.1429E+01 1.0000E+00
 2.1714E+01 1.0000E+00
 2.2000E+01 1.0000E+00
 2.2286E+01 1.0000E+00
 2.2571E+01 1.0000E+00
 2.2857E+01 1.0000E+00
 2.3143E+01 1.0000E+00
 2.3429E+01 1.0000E+00
 2.3714E+01 1.0000E+00
 2.4000E+01 1.0000E+00
 2.4286E+01 1.0000E+00
 2.4571E+01 1.0000E+00
 2.4857E+01 1.0000E+00
 2.5143E+01 1.0000E+00
 2.5429E+01 1.0000E+00
 2.5714E+01 1.0000E+00
 2.6000E+01 1.0000E+00
 2.6286E+01 1.0000E+00
 2.6571E+01 1.0000E+00
 2.6857E+01 9.9999E-01
 2.7143E+01 9.9998E-01
 2.7429E+01 9.9996E-01
 2.7714E+01 9.9990E-01
 2.8000E+01 9.9983E-01
 2.8286E+01 9.9968E-01
 2.8571E+01 9.9948E-01
 2.8857E+01 9.9919E-01
 2.9143E+01 9.9868E-01
 2.9429E+01 9.9805E-01
 2.9714E+01 9.9703E-01
 3.0000E+01 9.9582E-01
 3.0286E+01 9.9397E-01
 3.0571E+01 9.9189E-01
 3.0857E+01 9.8887E-01
 3.1143E+01 9.8557E-01
 3.1429E+01 9.8101E-01
 3.1714E+01 9.7615E-01
 3.2000E+01 9.6975E-01
 3.2286E+01 9.6230E-01
 3.2571E+01 9.5462E-01
 3.2857E+01 9.4510E-01
 3.3143E+01 9.3538E-01
 3.3429E+01 9.2467E-01
 3.3714E+01 9.1296E-01
 3.4000E+01 9.0033E-01
 3.4286E+01 8.8680E-01
 3.4571E+01 8.7249E-01
 3.4857E+01 8.5748E-01
 3.5143E+01 8.4183E-01
 3.5429E+01 8.2575E-01
 3.5714E+01 8.0926E-01
 3.6000E+01 7.9259E-01
 3.6286E+01 7.7582E-01
 3.6571E+01 7.5908E-01
 3.6857E+01 7.4248E-01
 3.7143E+01 7.2607E-01
 3.7429E+01 7.1009E-01
 3.7714E+01 6.9464E-01
 3.8000E+01 6.7963E-01
 3.8286E+01 6.6521E-01
 3.8571E+01 6.5164E-01
 3.8857E+01 6.3900E-01
 3.9143E+01 6.2645E-01
 3.9429E+01 6.1466E-01
 3.9714E+01 6.0364E-01
 4.0000E+01 5.9339E-01
 4.0286E+01 5.8390E-01
 4.0571E+01 5.7515E-01
 4.0857E+01 5.6710E-01
 4.1143E+01 5.5974E-01
 4.1429E+01 5.5304E-01
 4.1714E+01 5.4695E-01
 4.2000E+01 5.4144E-01
 4.2286E+01 5.3647E-01
 4.2571E+01 5.3200E-01
 4.2857E+01 5.2801E-01
 4.3143E+01 5.2444E-01
 4.3429E+01 5.2126E-01
 4.3714E+01 5.1845E-01
 4.4000E+01 5.1596E-01
 4.4286E+01 5.1377E-01
 4.4571E+01 5.1185E-01
 4.4857E+01 5.1016E-01
 4.5143E+01 5.0869E-01
 4.5429E+01 5.0741E-01
 4.5714E+01 5.0630E-01
 4.6000E+01 5.0534E-01
 4.6286E+01 5.0451E-01
 4.6571E+01 5.0380E-01
 4.6857E+01 5.0319E-01
 4.7143E+01 5.0267E-01
 4.7429E+01 5.0223E-01
 4.7714E+01 5.0185E-01
 4.8000E+01 5.0153E-01
 4.8286E+01 5.0127E-01
 4.8571E+01 5.0104E-01
 4.8857E+01 5.0086E-01
 4.9143E+01 5.0070E-01
 4.9429E+01 5.0057E-01
 4.9714E+01 5.0046E-01
 5.0000E+01 5.0037E-01
 5.0286E+01 5.0030E-01
 5.0571E+01 5.0024E-01
 5.0857E+01 5.0019E-01
 5.1143E+01 5.0015E-01
 5.1429E+01 5.0012E-01
 5.1714E+01 5.0010E-01
 5.2000E+01 5.0007E-01
 5.2286E+01 5.0006E-01
 5.2571E+01 5.0005E-01
 5.2857E+01 5.0004E-01
 5.3143E+01 5.0003E-01
 5.3429E+01 5.0002E-01
 5.3714E+01 5.0002E-01
 5.4000E+01 5.0001E-01
 5.4286E+01 5.0001E-01
 5.4571E+01 5.0001E-01
 5.4857E+01 5.0001E-01
 5.5143E+01 5.0000E-01
 5.5429E+01 5.0000E-01
 5.5714E+01 5.0000E-01
 5.6000E+01 5.0000E-01
 5.6286E+01 5.0000E-01
 5.6571E+01 5.0000E-01
 5.6857E+01 5.0000E-01
 5.7143E+01 5.0000E-01
 5.7429E+01 5.0000E-01
 5.7714E+01 4.9998E-01
 5.8000E+01 4.9993E-01
 5.8286E+01 4.9981E-01
 5.8571E+01 4.9948E-01
 5.8857E+01 4.9877E-01
 5.9143E+01 4.9741E-01
 5.9429E+01 4.9503E-01
 5.9714E+01 4.9119E-01
 6.0000E+01 4.8545E-01
 6.0286E+01 4.7739E-01
 6.0571E+01 4.6669E-01
 6.0857E+01 4.5315E-01
 6.1143E+01 4.3676E-01
 6.1429E+01 4.1838E-01
 6.1714E+01 3.9748E-01
 6.2000E+01 3.7435E-01
 6.2286E+01 3.4947E-01
 6.2571E+01 3.2339E-01
 6.2857E+01 2.9657E-01
 6.3143E+01 2.6960E-01
 6.3429E+01 2.4298E-01
 6.3714E+01 2.1723E-01
 6.4000E+01 1.9268E-01
 6.4286E+01 1.6959E-01
 6.4571E+01 1.4885E-01
 6.4857E+01 1.2889E-01
 6.5143E+01 1.1084E-01
 6.5429E+01 9.4696E-02
 6.5714E+01 8.0397E-02
 6.6000E+01 6.7845E-02
 6.6286E+01 5.6917E-02
 6.6571E+01 4.7479E-02
 6.6857E+01 3.9387E-02
 6.7143E+01 3.2496E-02
 6.7429E+01 2.6668E-02
 6.7714E+01 2.1770E-02
 6.8000E+01 1.7679E-02
 6.8286E+01 1.4282E-02
 6.8571E+01 1.1477E-02
 6.8857E+01 9.1760E-03
 6.9143E+01 7.2973E-03
 6.9429E+01 5.7726E-03
 6.9714E+01 4.5423E-03
 7.0000E+01 3.5548E-03
 7.0286E+01 2.7668E-03
 7.0571E+01 2.1413E-03
 7.0857E+01 1.6479E-03
 7.1143E+01 1.2608E-03
 7.1429E+01 9.5900E-04
 7.1714E+01 7.2501E-04
 7.2000E+01 5.4474E-04
 7.2286E+01 4.0673E-04
 7.2571E+01 3.0171E-04
 7.2857E+01 2.2235E-04
 7.3143E+01 1.6275E-04
 7.3429E+01 1.1831E-04
 7.3714E+01 8.5404E-05
 7.4000E+01 6.1201E-05
 7.4286E+01 4.3533E-05
 7.4571E+01 3.0731E-05
 7.4857E+01 2.1527E-05
 7.5143E+01 1.4958E-05
 7.5429E+01 1.0310E-05
 7.5714E+01 7.0463E-06
 7.6000E+01 4.7749E-06
 7.6286E+01 3.2073E-06
 7.6571E+01 2.1349E-06
 7.6857E+01 1.4082E-06
 7.7143E+01 9.2009E-07
 7.7429E+01 5.9539E-07
 7.7714E+01 3.8145E-07
 7.8000E+01 2.4191E-07
 7.8286E+01 1.5182E-07
 7.8571E+01 9.4263E-08
 7.8857E+01 5.7887E-08
 7.9143E+01 3.5152E-08
 7.9429E+01 2.1101E-08
 7.9714E+01 1.2518E-08
 8.0000E+01 7.3359E-09
 8.0286E+01 4.2460E-09
 8.0571E+01 2.4264E-09
 8.0857E+01 1.3685E-09
 8.1143E+01 7.6159E-10
 8.1429E+01 4.1795E-10
 8.1714E+01 2.2617E-10
 8.2000E+01 1.2060E-10
 8.2286E+01 6.3382E-11
 8.2571E+01 3.2783E-11
 8.2857E+01 1.6723E-11
 8.3143E+01 8.3761E-12
 8.3429E+01 4.1165E-12
 8.3714E+01 2.0164E-12
 8.4000E+01 9.5431E-13
 8.4286E+01 4.3296E-13
 8.4571E+01 2.1896E-13
 8.4857E+01 7.8954E-14
 8.5143E+01 5.4575E-14
 8.5429E+01 1.7777E-14
 8.5714E+01 0.0000E+00
 8.6000E+01 1.6612E-14
 8.6286E+01 0.0000E+00
 8.6571E+01 1.3888E-14
 8.6857E+01 0.0000E+00
 8.7143E+01 7.5944E-17
 8.7429E+01 1.3273E-14
 8.7714E+01 0.0000E+00
 8.8000E+01 1.3163E-14
 8.8286E+01 0.0000E+00
 8.8571E+01 4.2043E-19
 8.8857E+01 1.3032E-14
 8.9143E+01 0.0000E+00
 8.9429E+01 1.3501E-20
 8.9714E+01 1.2907E-14
 9.0000E+01 0.0000E+00
 9.0286E+01 3.3226E-22
 9.0571E+01 9.0778E-23
 9.0857E+01 1.2745E-14
 9.1143E+01 0.0000E+00
 9.1429E+01 1.5148E-24
 9.1714E+01 3.6067E-25
 9.2000E+01 8.2900E-26
 9.2286E+01 1.2548E-14
 9.2571E+01 0.0000E+00
 9.2857E+01 7.9922E-28
 9.3143E+01 1.5693E-28
 9.3429E+01 2.9586E-29
 9.3714E+01 1.2357E-14
 9.4000E+01 0.0000E+00
 9.4286E+01 1.5184E-31
 9.4571E+01 2.3841E-32
 9.4857E+01 3.5730E-33
 9.5143E+01 5.0900E-34
 9.5429E+01 6.8869E-35
 9.5714E+01 1.2098E-14
 9.6000E+01 0.0000E+00
 9.6286E+01 1.2360E-37
 9.6571E+01 1.3400E-38
 9.6857E+01 1.3574E-39
 9.7143E+01 1.3922E-40
 9.7429E+01 0.0000E+00
 9.7714E+01 0.0000E+00
 9.8000E+01 0.0000E+00
 9.8286E+01 1.1782E-14
 9.8571E+01 0.0000E+00
 9.8857E+01 0.0000E+00
 9.9143E+01 0.0000E+00
 9.9429E+01 0.0000E+00
 9.9714E+01 0.0000E+00
 1.0000E+02 0.0000E+00
 1.0029E+02 0.0000E+00
 1.0057E+02 0.0000E+00
 1.0086E+02 0.0000E+00
 1.0114E+02 0.0000E+00
 1.0143E+02 0.0000E+00
 1.0171E+02 0.0000E+00
 1.0200E+02 0.0000E+00
 1.0229E+02 0.0000E+00
 1.0257E+02 0.0000E+00
 1.0286E+02 0.0000E+00
 1.0314E+02 0.0000E+00
 1.0343E+02 1.1196E-14
 1.0371E+02 0.0000E+00
 1.0400E+02 0.0000E+00
 1.0429E+02 0.0000E+00
 1.0457E+02 0.0000E+00
 1.0486E+02 0.0000E+00
 1.0514E+02 0.0000E+00
 1.0543E+02 0.0000E+00
 1.0571E+02 0.0000E+00
 1.0600E+02 0.0000E+00
 1.0629E+02 0.0000E+00
 1.0657E+02 0.0000E+00
 1.0686E+02 0.0000E+00
 1.0714E+02 0.0000E+00
 1.0743E+02 0.0000E+00
 1.0771E+02 0.0000E+00
 1.0800E+02 0.0000E+00
 1.0829E+02 0.0000E+00
 1.0857E+02 0.0000E+00
 1.0886E+02 0.0000E+00
 1.0914E+02 0.0000E+00
 1.0943E+02 0.0000E+00
 1.0971E+02 0.0000E+00
 1.1000E+02 0.0000E+00
 1.1029E+02 0.0000E+00
 1.1057E+02 0.0000E+00
 1.1086E+02 0.0000E+00
 1.1114E+02 0.0000E+00
 1.1143E+02 0.0000E+00
 1.1171E+02 0.0000E+00
 1.1200E+02 0.0000E+00
 1.1229E+02 0.0000E+00
 1.1257E+02 0.0000E+00
 1.1286E+02 0.0000E+00
 1.1314E+02 0.0000E+00
 1.1343E+02 0.0000E+00
 1.1371E+02 0.0000E+00
 1.1400E+02 0.0000E+00
 1.1429E+02 0.0000E+00
 1.1457E+02 0.0000E+00
 1.1486E+02 0.0000E+00
 1.1514E+02 0.0000E+00
 1.1543E+02 0.0000E+00
 1.1571E+02 0.0000E+00
 1.1600E+02 0.0000E+00
 1.1629E+02 0.0000E+00
 1.1657E+02 0.0000E+00
 1.1686E+02 0.0000E+00
 1.1714E+02 0.0000E+00
 1.1743E+02 0.0000E+00
 1.1771E+02 0.0000E+00
 1.1800E+02 0.0000E+00
 1.1829E+02 0.0000E+00
 1.1857E+02 0.0000E+00
 1.1886E+02 0.0000E+00
 1.1914E+02 0.0000E+00
 1.1943E+02 0.0000E+00
 1.1971E+02 0.0000E+00
 1.2000E+02 0.0000E+00
 1.2029E+02 0.0000E+00
 1.2057E+02 0.0000E+00
 1.2086E+02 0.0000E+00
 1.2114E+02 0.0000E+00
 1.2143E+02 0.0000E+00
 1.2171E+02 0.0000E+00
 1.2200E+02 0.0000E+00
 1.2229E+02 0.0000E+00
 1.2257E+02 0.0000E+00
 1.2286E+02 0.0000E+00
 1.2314E+02 0.0000E+00
 1.2343E+02 0.0000E+00
 1.2371E+02 0.0000E+00
 1.2400E+02 0.0000E+00
 1.2429E+02 0.0000E+00
 1.2457E+02 0.0000E+00
 1.2486E+02 0.0000E+00
 1.2514E+02 0.0000E+00
 1.2543E+02 0.0000E+00
 1.2571E+02 0.0000E+00
 1.2600E+02 0.0000E+00
 1.2629E+02 0.0000E+00
 1.2657E+02 0.0000E+00
 1.2686E+02 0.0000E+00
 1.2714E+02 0.0000E+00
 1.2743E+02 0.0000E+00
 1.2771E+02 0.0000E+00
 1.2800E+02 0.0000E+00
 1.2829E+02 0.0000E+00
 1.2857E+02 0.0000E+00
 1.2886E+02 0.0000E+00
 1.2914E+02 0.0000E+00
 1.2943E+02 0.0000E+00
 1.2971E+02 0.0000E+00
 1.3000E+02 0.0000E+00
 1.3029E+02 0.0000E+00
 1.3057E+02 0.0000E+00
 1.3086E+02 0.0000E+00
 1.3114E+02 0.0000E+00
 1.3143E+02 0.0000E+00
 1.3171E+02 0.0000E+00
 1.3200E+02 0.0000E+00
 1.3229E+02 0.0000E+00
 1.3257E+02 0.0000E+00
 1.3286E+02 0.0000E+00
 1.3314E+02 0.0000E+00
 1.3343E+02 0.0000E+00
 1.3371E+02 0.0000E+00
 1.3400E+02 0.0000E+00
 1.3429E+02 0.0000E+00
 1.3457E+02 0.0000E+00
 1.3486E+02 0.0000E+00
 1.3514E+02 0.0000E+00
 1.3543E+02 0.0000E+00
 1.3571E+02 0.0000E+00
 1.3600E+02 0.0000E+00
 1.3629E+02 0.0000E+00
 1.3657E+02 0.0000E+00
 1.3686E+02 0.0000E+00
 1.3714E+02 0.0000E+00
 1.3743E+02 0.0000E+00
 1.3771E+02 0.0000E+00
 1.3800E+02 0.0000E+00
 1.3829E+02 0.0000E+00
 1.3857E+02 0.0000E+00
 1.3886E+02 0.0000E+00
 1.3914E+02 0.0000E+00
 1.3943E+02 0.0000E+00
 1.3971E+02 0.0000E+00
 1.4000E+02 0.0000E+00
 1.4029E+02 0.0000E+00
 1.4057E+02 0.0000E+00
 1.4086E+02 0.0000E+00
 1.4114E+02 0.0000E+00
 1.4143E+02 0.0000E+00
 1.4171E+02 0.0000E+00
 1.4200E+02 0.0000E+00
 1.4229E+02 0.0000E+00
 1.4257E+02 0.0000E+00
 1.4286E+02 0.0000E+00
 1.4314E+02 0.0000E+00
 1.4343E+02 0.0000E+00
 1.4371E+02 0.0000E+00
 1.4400E+02 0.0000E+00
 1.4429E+02 0.0000E+00
 1.4457E+02 0.0000E+00
 1.4486E+02 0.0000E+00
 1.4514E+02 0.0000E+00
 1.4543E+02 0.0000E+00
 1.4571E+02 0.0000E+00
 1.4600E+02 0.0000E+00
 1.4629E+02 0.0000E+00
 1.4657E+02 0.0000E+00
 1.4686E+02 0.0000E+00
 1.4714E+02 0.0000E+00
 1.4743E+02 0.0000E+00
 1.4771E+02 0.0000E+00
 1.4800E+02 0.0000E+00
 1.4829E+02 0.0000E+00
 1.4857E+02 0.0000E+00
 1.4886E+02 0.0000E+00
 1.4914E+02 0.0000E+00
 1.4943E+02 0.0000E+00
 1.4971E+02 0.0000E+00
 1.5000E+02 0.0000E+00
 1.5029E+02 0.0000E+00
 1.5057E+02 0.0000E+00
 1.5086E+02 0.0000E+00
 1.5114E+02 0.0000E+00
 1.5143E+02 0.0000E+00
 1.5171E+02 0.0000E+00
 1.5200E+02 0.0000E+00
 1.5229E+02 0.0000E+00
 1.5257E+02 0.0000E+00
 1.5286E+02 0.0000E+00
 1.5314E+02 0.0000E+00
 1.5343E+02 0.0000E+00
 1.5371E+02 0.0000E+00
 1.5400E+02 0.0000E+00
 1.5429E+02 0.0000E+00
 1.5457E+02 0.0000E+00
 1.5486E+02 0.0000E+00
 1.5514E+02 0.0000E+00
 1.5543E+02 0.0000E+00
 1.5571E+02 0.0000E+00
 1.5600E+02 0.0000E+00
 1.5629E+02 0.0000E+00
 1.5657E+02 0.0000E+00
 1.5686E+02 0.0000E+00
 1.5714E+02 0.0000E+00
 1.5743E+02 0.0000E+00
 1.5771E+02 0.0000E+00
 1.5800E+02 0.0000E+00
 1.5829E+02 0.0000E+00
 1.5857E+02 0.0000E+00
 1.5886E+02 0.0000E+00
 1.5914E+02 0.0000E+00
 1.5943E+02 0.0000E+00
 1.5971E+02 0.0000E+00
 1.6000E+02 0.0000E+00
 1.6029E+02 0.0000E+00
 1.6057E+02 0.0000E+00
 1.6086E+02 0.0000E+00
 1.6114E+02 0.0000E+00
 1.6143E+02 0.0000E+00
 1.6171E+02 0.0000E+00
 1.6200E+02 0.0000E+00
 1.6229E+02 0.0000E+00
 1.6257E+02 0.0000E+00
 1.6286E+02 0.0000E+00
 1.6314E+02 0.0000E+00
 1.6343E+02 0.0000E+00
 1.6371E+02 0.0000E+00
 1.6400E+02 0.0000E+00
 1.6429E+02 0.0000E+00
 1.6457E+02 0.0000E+00
 1.6486E+02 0.0000E+00
 1.6514E+02 0.0000E+00
 1.6543E+02 0.0000E+00
 1.6571E+02 0.0000E+00
 1.6600E+02 0.0000E+00
 1.6629E+02 0.0000E+00
 1.6657E+02 0.0000E+00
 1.6686E+02 0.0000E+00
 1.6714E+02 0.0000E+00
 1.6743E+02 0.0000E+00
 1.6771E+02 0.0000E+00
 1.6800E+02 0.0000E+00
 1.6829E+02 0.0000E+00
 1.6857E+02 0.0000E+00
 1.6886E+02 0.0000E+00
 1.6914E+02 0.0000E+00
 1.6943E+02 0.0000E+00
 1.6971E+02 0.0000E+00
 1.7000E+02 0.0000E+00
 1.7029E+02 0.0000E+00
 1.7057E+02 0.0000E+00
 1.7086E+02 0.0000E+00
 1.7114E+02 0.0000E+00
 1.7143E+02 0.0000E+00
 1.7171E+02 0.0000E+00
 1.7200E+02 0.0000E+00
 1.7229E+02 0.0000E+00
 1.7257E+02 0.0000E+00
 1.7286E+02 0.0000E+00
 1.7314E+02 0.0000E+00
 1.7343E+02 0.0000E+00
 1.7371E+02 0.0000E+00
 1.7400E+02 0.0000E+00
 1.7429E+02 0.0000E+00
 1.7457E+02 0.0000E+00
 1.7486E+02 0.0000E+00
 1.7514E+02 0.0000E+00
 1.7543E+02 0.0000E+00
 1.7571E+02 0.0000E+00
 1.7600E+02 0.0000E+00
 1.7629E+02 0.0000E+00
 1.7657E+02 0.0000E+00
 1.7686E+02 0.0000E+00
 1.7714E+02 0.0000E+00
 1.7743E+02 0.0000E+00
 1.7771E+02 0.0000E+00
 1.7800E+02 0.0000E+00
 1.7829E+02 0.0000E+00
 1.7857E+02 0.0000E+00
 1.7886E+02 0.0000E+00
 1.7914E+02 0.0000E+00
 1.7943E+02 0.0000E+00
 1.7971E+02 0.0000E+00
 1.8000E+02 0.0000E+00
 1.8029E+02 0.0000E+00
 1.8057E+02 0.0000E+00
 1.8086E+02 0.0000E+00
 1.8114E+02 0.0000E+00
 1.8143E+02 0.0000E+00
 1.8171E+02 0.0000E+00
 1.8200E+02 0.0000E+00
 1.8229E+02 0.0000E+00
 1.8257E+02 0.0000E+00
 1.8286E+02 0.0000E+00
 1.8314E+02 0.0000E+00
 1.8343E+02 0.0000E+00
 1.8371E+02 0.0000E+00
 1.8400E+02 0.0000E+00
 1.8429E+02 0.0000E+00
 1.8457E+02 0.0000E+00
 1.8486E+02 0.0000E+00
 1.8514E+02 0.0000E+00
 1.8543E+02 0.0000E+00
 1.8571E+02 0.0000E+00
 1.8600E+02 0.0000E+00
 1.8629E+02 0.0000E+00
 1.8657E+02 0.0000E+00
 1.8686E+02 0.0000E+00
 1.8714E+02 0.0000E+00
 1.8743E+02 0.0000E+00
 1.8771E+02 0.0000E+00
 1.8800E+02 0.0000E+00
 1.8829E+02 0.0000E+00
 1.8857E+02 0.0000E+00
 1.8886E+02 0.0000E+00
 1.8914E+02 0.0000E+00
 1.8943E+02 0.0000E+00
 1.8971E+02 0.0000E+00
 1.9000E+02 0.0000E+00
 1.9029E+02 0.0000E+00
 1.9057E+02 0.0000E+00
 1.9086E+02 0.0000E+00
 1.9114E+02 0.0000E+00
 1.9143E+02 0.0000E+00
 1.9171E+02 0.0000E+00
 1.9200E+02 0.0000E+00
 1.9229E+02 0.0000E+00
 1.9257E+02 0.0000E+00
 1.9286E+02 0.0000E+00
 1.9314E+02 0.0000E+00
 1.9343E+02 0.0000E+00
 1.9371E+02 0.0000E+00
 1.9400E+02 0.0000E+00
 1.9429E+02 0.0000E+00
 1.9457E+02 0.0000E+00
 1.9486E+02 0.0000E+00
 1.9514E+02 0.0000E+00
 1.9543E+02 0.0000E+00
 1.9571E+02 0.0000E+00
 1.9600E+02 0.0000E+00
 1.9629E+02 0.0000E+00
 1.9657E+02 0.0000E+00
 1.9686E+02 0.0000E+00
 1.9714E+02 0.0000E+00
 1.9743E+02 0.0000E+00
 1.9771E+02 0.0000E+00
 1.9800E+02 0.0000E+00
 1.9829E+02 0.0000E+00
 1.9857E+02 0.0000E+00
 1.9886E+02 0.0000E+00
 1.9914E+02 0.0000E+00
 1.9943E+02 0.0000E+00
 1.9971E+02 0.0000E+00
 2.0000E+02 0.0000E+00
