 7.5125E+03 3.1530E+01
 7.5250E+03 3.1550E+01
 7.5375E+03 3.1570E+01
 7.5500E+03 3.1590E+01
 7.5625E+03 3.1611E+01
 7.5750E+03 3.1631E+01
 7.5875E+03 3.1651E+01
 7.6000E+03 3.1671E+01
 7.6125E+03 3.1692E+01
 7.6250E+03 3.1712E+01
 7.6375E+03 3.1732E+01
 7.6500E+03 3.1753E+01
 7.6625E+03 3.1773E+01
 7.6750E+03 3.1794E+01
 7.6875E+03 3.1814E+01
 7.7000E+03 3.1834E+01
 7.7125E+03 3.1855E+01
 7.7250E+03 3.1875E+01
 7.7375E+03 3.1896E+01
 7.7500E+03 3.1917E+01
 7.7625E+03 3.1937E+01
 7.7750E+03 3.1958E+01
 7.7875E+03 3.1978E+01
 7.8000E+03 3.1999E+01
 7.8125E+03 3.2020E+01
 7.8250E+03 3.2040E+01
 7.8375E+03 3.2061E+01
 7.8500E+03 3.2082E+01
 7.8625E+03 3.2102E+01
 7.8750E+03 3.2123E+01
 7.8875E+03 3.2144E+01
 7.9000E+03 3.2165E+01
 7.9125E+03 3.2185E+01
 7.9250E+03 3.2206E+01
 7.9375E+03 3.2227E+01
 7.9500E+03 3.2248E+01
 7.9625E+03 3.2269E+01
 7.9750E+03 3.2290E+01
 7.9875E+03 3.2311E+01
 8.0000E+03 3.2332E+01
 8.0125E+03 3.2352E+01
 8.0250E+03 3.2373E+01
 8.0375E+03 3.2394E+01
 8.0500E+03 3.2415E+01
 8.0625E+03 3.2437E+01
 8.0750E+03 3.2458E+01
 8.0875E+03 3.2479E+01
 8.1000E+03 3.2500E+01
 8.1125E+03 3.2521E+01
 8.1250E+03 3.2542E+01
 8.1375E+03 3.2563E+01
 8.1500E+03 3.2584E+01
 8.1625E+03 3.2605E+01
 8.1750E+03 3.2627E+01
 8.1875E+03 3.2648E+01
 8.2000E+03 3.2669E+01
 8.2125E+03 3.2690E+01
 8.2250E+03 3.2712E+01
 8.2375E+03 3.2733E+01
 8.2500E+03 3.2754E+01
 8.2625E+03 3.2776E+01
 8.2750E+03 3.2797E+01
 8.2875E+03 3.2818E+01
 8.3000E+03 3.2840E+01
 8.3125E+03 3.2861E+01
 8.3250E+03 3.2883E+01
 8.3375E+03 3.2904E+01
 8.3500E+03 3.2926E+01
 8.3625E+03 3.2947E+01
 8.3750E+03 3.2969E+01
 8.3875E+03 3.2990E+01
 8.4000E+03 3.3012E+01
 8.4125E+03 3.3033E+01
 8.4250E+03 3.3055E+01
 8.4375E+03 3.3076E+01
 8.4500E+03 3.3098E+01
 8.4625E+03 3.3120E+01
 8.4750E+03 3.3141E+01
 8.4875E+03 3.3163E+01
 8.5000E+03 3.3185E+01
 8.5125E+03 3.3206E+01
 8.5250E+03 3.3228E+01
 8.5375E+03 3.3250E+01
 8.5500E+03 3.3271E+01
 8.5625E+03 3.3293E+01
 8.5750E+03 3.3315E+01
 8.5875E+03 3.3337E+01
 8.6000E+03 3.3359E+01
 8.6125E+03 3.3381E+01
 8.6250E+03 3.3402E+01
 8.6375E+03 3.3424E+01
 8.6500E+03 3.3446E+01
 8.6625E+03 3.3468E+01
 8.6750E+03 3.3490E+01
 8.6875E+03 3.3512E+01
 8.7000E+03 3.3534E+01
 8.7125E+03 3.3556E+01
 8.7250E+03 3.3578E+01
 8.7375E+03 3.3600E+01
 8.7500E+03 3.3622E+01
 8.7625E+03 3.3644E+01
 8.7750E+03 3.3666E+01
 8.7875E+03 3.3688E+01
 8.8000E+03 3.3710E+01
 8.8125E+03 3.3732E+01
 8.8250E+03 3.3755E+01
 8.8375E+03 3.3777E+01
 8.8500E+03 3.3799E+01
 8.8625E+03 3.3821E+01
 8.8750E+03 3.3843E+01
 8.8875E+03 3.3865E+01
 8.9000E+03 3.3888E+01
 8.9125E+03 3.3910E+01
 8.9250E+03 3.3932E+01
 8.9375E+03 3.3954E+01
 8.9500E+03 3.3977E+01
 8.9625E+03 3.3999E+01
 8.9750E+03 3.4021E+01
 8.9875E+03 3.4044E+01
 9.0000E+03 3.4066E+01
 9.0125E+03 3.4089E+01
 9.0250E+03 3.4111E+01
 9.0375E+03 3.4133E+01
 9.0500E+03 3.4156E+01
 9.0625E+03 3.4178E+01
 9.0750E+03 3.4201E+01
 9.0875E+03 3.4223E+01
 9.1000E+03 3.4246E+01
 9.1125E+03 3.4268E+01
 9.1250E+03 3.4291E+01
 9.1375E+03 3.4313E+01
 9.1500E+03 3.4336E+01
 9.1625E+03 3.4358E+01
 9.1750E+03 3.4381E+01
 9.1875E+03 3.4404E+01
 9.2000E+03 3.4426E+01
 9.2125E+03 3.4449E+01
 9.2250E+03 3.4472E+01
 9.2375E+03 3.4494E+01
 9.2500E+03 3.4517E+01
 9.2625E+03 3.4540E+01
 9.2750E+03 3.4562E+01
 9.2875E+03 3.4585E+01
 9.3000E+03 3.4608E+01
 9.3125E+03 3.4631E+01
 9.3250E+03 3.4653E+01
 9.3375E+03 3.4676E+01
 9.3500E+03 3.4699E+01
 9.3625E+03 3.4722E+01
 9.3750E+03 3.4745E+01
 9.3875E+03 3.4768E+01
 9.4000E+03 3.4790E+01
 9.4125E+03 3.4813E+01
 9.4250E+03 3.4836E+01
 9.4375E+03 3.4859E+01
 9.4500E+03 3.4882E+01
 9.4625E+03 3.4905E+01
 9.4750E+03 3.4928E+01
 9.4875E+03 3.4951E+01
 9.5000E+03 3.4974E+01
 9.5125E+03 3.4997E+01
 9.5250E+03 3.5020E+01
 9.5375E+03 3.5043E+01
 9.5500E+03 3.5066E+01
 9.5625E+03 3.5089E+01
 9.5750E+03 3.5112E+01
 9.5875E+03 3.5135E+01
 9.6000E+03 3.5158E+01
 9.6125E+03 3.5182E+01
 9.6250E+03 3.5205E+01
 9.6375E+03 3.5228E+01
 9.6500E+03 3.5251E+01
 9.6625E+03 3.5274E+01
 9.6750E+03 3.5297E+01
 9.6875E+03 3.5321E+01
 9.7000E+03 3.5344E+01
 9.7125E+03 3.5367E+01
 9.7250E+03 3.5390E+01
 9.7375E+03 3.5414E+01
 9.7500E+03 3.5437E+01
 9.7625E+03 3.5460E+01
 9.7750E+03 3.5484E+01
 9.7875E+03 3.5507E+01
 9.8000E+03 3.5530E+01
 9.8125E+03 3.5554E+01
 9.8250E+03 3.5577E+01
 9.8375E+03 3.5600E+01
 9.8500E+03 3.5624E+01
 9.8625E+03 3.5647E+01
 9.8750E+03 3.5671E+01
 9.8875E+03 3.5694E+01
 9.9000E+03 3.5717E+01
 9.9125E+03 3.5741E+01
 9.9250E+03 3.5764E+01
 9.9375E+03 3.5788E+01
 9.9500E+03 3.5811E+01
 9.9625E+03 3.5835E+01
 9.9750E+03 3.5858E+01
 9.9875E+03 3.5882E+01
 1.0000E+04 3.5906E+01
