 7.5125E+03 3.4452E+01
 7.5250E+03 3.4475E+01
 7.5375E+03 3.4497E+01
 7.5500E+03 3.4519E+01
 7.5625E+03 3.4542E+01
 7.5750E+03 3.4564E+01
 7.5875E+03 3.4586E+01
 7.6000E+03 3.4609E+01
 7.6125E+03 3.4631E+01
 7.6250E+03 3.4653E+01
 7.6375E+03 3.4676E+01
 7.6500E+03 3.4698E+01
 7.6625E+03 3.4719E+01
 7.6750E+03 3.4742E+01
 7.6875E+03 3.4765E+01
 7.7000E+03 3.4787E+01
 7.7125E+03 3.4810E+01
 7.7250E+03 3.4833E+01
 7.7375E+03 3.4855E+01
 7.7500E+03 3.4878E+01
 7.7625E+03 3.4900E+01
 7.7750E+03 3.4923E+01
 7.7875E+03 3.4946E+01
 7.8000E+03 3.4968E+01
 7.8125E+03 3.4991E+01
 7.8250E+03 3.5012E+01
 7.8375E+03 3.5035E+01
 7.8500E+03 3.5058E+01
 7.8625E+03 3.5081E+01
 7.8750E+03 3.5104E+01
 7.8875E+03 3.5127E+01
 7.9000E+03 3.5150E+01
 7.9125E+03 3.5173E+01
 7.9250E+03 3.5196E+01
 7.9375E+03 3.5219E+01
 7.9500E+03 3.5241E+01
 7.9625E+03 3.5264E+01
 7.9750E+03 3.5286E+01
 7.9875E+03 3.5309E+01
 8.0000E+03 3.5332E+01
 8.0125E+03 3.5356E+01
 8.0250E+03 3.5379E+01
 8.0375E+03 3.5402E+01
 8.0500E+03 3.5425E+01
 8.0625E+03 3.5448E+01
 8.0750E+03 3.5471E+01
 8.0875E+03 3.5495E+01
 8.1000E+03 3.5518E+01
 8.1125E+03 3.5541E+01
 8.1250E+03 3.5564E+01
 8.1375E+03 3.5586E+01
 8.1500E+03 3.5610E+01
 8.1625E+03 3.5633E+01
 8.1750E+03 3.5657E+01
 8.1875E+03 3.5680E+01
 8.2000E+03 3.5704E+01
 8.2125E+03 3.5727E+01
 8.2250E+03 3.5750E+01
 8.2375E+03 3.5774E+01
 8.2500E+03 3.5797E+01
 8.2625E+03 3.5821E+01
 8.2750E+03 3.5844E+01
 8.2875E+03 3.5866E+01
 8.3000E+03 3.5890E+01
 8.3125E+03 3.5914E+01
 8.3250E+03 3.5937E+01
 8.3375E+03 3.5961E+01
 8.3500E+03 3.5985E+01
 8.3625E+03 3.6009E+01
 8.3750E+03 3.6032E+01
 8.3875E+03 3.6056E+01
 8.4000E+03 3.6079E+01
 8.4125E+03 3.6103E+01
 8.4250E+03 3.6127E+01
 8.4375E+03 3.6149E+01
 8.4500E+03 3.6173E+01
 8.4625E+03 3.6197E+01
 8.4750E+03 3.6221E+01
 8.4875E+03 3.6245E+01
 8.5000E+03 3.6269E+01
 8.5125E+03 3.6293E+01
 8.5250E+03 3.6317E+01
 8.5375E+03 3.6341E+01
 8.5500E+03 3.6365E+01
 8.5625E+03 3.6388E+01
 8.5750E+03 3.6412E+01
 8.5875E+03 3.6435E+01
 8.6000E+03 3.6459E+01
 8.6125E+03 3.6484E+01
 8.6250E+03 3.6508E+01
 8.6375E+03 3.6532E+01
 8.6500E+03 3.6556E+01
 8.6625E+03 3.6580E+01
 8.6750E+03 3.6604E+01
 8.6875E+03 3.6628E+01
 8.7000E+03 3.6653E+01
 8.7125E+03 3.6677E+01
 8.7250E+03 3.6701E+01
 8.7375E+03 3.6724E+01
 8.7500E+03 3.6748E+01
 8.7625E+03 3.6773E+01
 8.7750E+03 3.6797E+01
 8.7875E+03 3.6822E+01
 8.8000E+03 3.6846E+01
 8.8125E+03 3.6870E+01
 8.8250E+03 3.6895E+01
 8.8375E+03 3.6919E+01
 8.8500E+03 3.6943E+01
 8.8625E+03 3.6968E+01
 8.8750E+03 3.6992E+01
 8.8875E+03 3.7015E+01
 8.9000E+03 3.7040E+01
 8.9125E+03 3.7065E+01
 8.9250E+03 3.7089E+01
 8.9375E+03 3.7114E+01
 8.9500E+03 3.7138E+01
 8.9625E+03 3.7163E+01
 8.9750E+03 3.7188E+01
 8.9875E+03 3.7212E+01
 9.0000E+03 3.7237E+01
 9.0125E+03 3.7261E+01
 9.0250E+03 3.7286E+01
 9.0375E+03 3.7309E+01
 9.0500E+03 3.7334E+01
 9.0625E+03 3.7359E+01
 9.0750E+03 3.7384E+01
 9.0875E+03 3.7409E+01
 9.1000E+03 3.7434E+01
 9.1125E+03 3.7458E+01
 9.1250E+03 3.7483E+01
 9.1375E+03 3.7508E+01
 9.1500E+03 3.7533E+01
 9.1625E+03 3.7557E+01
 9.1750E+03 3.7581E+01
 9.1875E+03 3.7606E+01
 9.2000E+03 3.7631E+01
 9.2125E+03 3.7656E+01
 9.2250E+03 3.7681E+01
 9.2375E+03 3.7706E+01
 9.2500E+03 3.7731E+01
 9.2625E+03 3.7756E+01
 9.2750E+03 3.7781E+01
 9.2875E+03 3.7806E+01
 9.3000E+03 3.7831E+01
 9.3125E+03 3.7856E+01
 9.3250E+03 3.7880E+01
 9.3375E+03 3.7906E+01
 9.3500E+03 3.7931E+01
 9.3625E+03 3.7956E+01
 9.3750E+03 3.7981E+01
 9.3875E+03 3.8006E+01
 9.4000E+03 3.8032E+01
 9.4125E+03 3.8057E+01
 9.4250E+03 3.8082E+01
 9.4375E+03 3.8107E+01
 9.4500E+03 3.8132E+01
 9.4625E+03 3.8156E+01
 9.4750E+03 3.8182E+01
 9.4875E+03 3.8207E+01
 9.5000E+03 3.8233E+01
 9.5125E+03 3.8258E+01
 9.5250E+03 3.8283E+01
 9.5375E+03 3.8309E+01
 9.5500E+03 3.8334E+01
 9.5625E+03 3.8359E+01
 9.5750E+03 3.8385E+01
 9.5875E+03 3.8410E+01
 9.6000E+03 3.8434E+01
 9.6125E+03 3.8460E+01
 9.6250E+03 3.8486E+01
 9.6375E+03 3.8511E+01
 9.6500E+03 3.8537E+01
 9.6625E+03 3.8562E+01
 9.6750E+03 3.8588E+01
 9.6875E+03 3.8613E+01
 9.7000E+03 3.8639E+01
 9.7125E+03 3.8664E+01
 9.7250E+03 3.8690E+01
 9.7375E+03 3.8714E+01
 9.7500E+03 3.8740E+01
 9.7625E+03 3.8766E+01
 9.7750E+03 3.8792E+01
 9.7875E+03 3.8817E+01
 9.8000E+03 3.8843E+01
 9.8125E+03 3.8869E+01
 9.8250E+03 3.8895E+01
 9.8375E+03 3.8920E+01
 9.8500E+03 3.8946E+01
 9.8625E+03 3.8972E+01
 9.8750E+03 3.8997E+01
 9.8875E+03 3.9022E+01
 9.9000E+03 3.9048E+01
 9.9125E+03 3.9074E+01
 9.9250E+03 3.9100E+01
 9.9375E+03 3.9126E+01
 9.9500E+03 3.9152E+01
 9.9625E+03 3.9178E+01
 9.9750E+03 3.9204E+01
 9.9875E+03 3.9230E+01
 1.0000E+04 3.9255E+01
