-1.9801E+03 1.8813E-10
-1.9602E+03 1.8963E-10
-1.9404E+03 1.9115E-10
-1.9205E+03 1.9270E-10
-1.9006E+03 1.9426E-10
-1.8807E+03 1.9585E-10
-1.8608E+03 1.9747E-10
-1.8410E+03 1.9910E-10
-1.8211E+03 2.0076E-10
-1.8012E+03 2.0244E-10
-1.7813E+03 2.0414E-10
-1.7614E+03 2.0587E-10
-1.7416E+03 2.0763E-10
-1.7217E+03 2.0941E-10
-1.7018E+03 2.1121E-10
-1.6819E+03 2.1304E-10
-1.6620E+03 2.1490E-10
-1.6422E+03 2.1678E-10
-1.6223E+03 2.1869E-10
-1.6024E+03 2.2063E-10
-1.5825E+03 2.2259E-10
-1.5626E+03 2.2458E-10
-1.5428E+03 2.2661E-10
-1.5229E+03 2.2865E-10
-1.5030E+03 2.3073E-10
-1.4831E+03 2.3284E-10
-1.4632E+03 2.3498E-10
-1.4433E+03 2.3715E-10
-1.4235E+03 2.3934E-10
-1.4036E+03 2.4157E-10
-1.3837E+03 2.4383E-10
-1.3638E+03 2.4612E-10
-1.3439E+03 2.4844E-10
-1.3241E+03 2.5079E-10
-1.3042E+03 2.5318E-10
-1.2843E+03 2.5559E-10
-1.2644E+03 2.5804E-10
-1.2445E+03 2.6052E-10
-1.2247E+03 2.6303E-10
-1.2048E+03 2.6557E-10
-1.1849E+03 2.6815E-10
-1.1650E+03 2.7075E-10
-1.1451E+03 2.7339E-10
-1.1253E+03 2.7606E-10
-1.1054E+03 2.7876E-10
-1.0855E+03 2.8149E-10
-1.0656E+03 2.8425E-10
-1.0457E+03 2.8703E-10
-1.0259E+03 2.8985E-10
-1.0060E+03 2.9270E-10
-9.8610E+02 2.9557E-10
-9.6622E+02 2.9847E-10
-9.4634E+02 3.0139E-10
-9.2646E+02 3.0434E-10
-9.0658E+02 3.0730E-10
-8.8670E+02 3.1029E-10
-8.6682E+02 3.1330E-10
-8.4694E+02 3.1633E-10
-8.2706E+02 3.1937E-10
-8.0718E+02 3.2243E-10
-7.8730E+02 3.2550E-10
-7.6742E+02 3.2857E-10
-7.4754E+02 3.3165E-10
-7.2766E+02 3.3474E-10
-7.0778E+02 3.3783E-10
-6.8790E+02 3.4091E-10
-6.6801E+02 3.4399E-10
-6.4813E+02 3.4706E-10
-6.2825E+02 3.5011E-10
-6.0837E+02 3.5315E-10
-5.8849E+02 3.5616E-10
-5.6861E+02 3.5915E-10
-5.4873E+02 3.6211E-10
-5.2885E+02 3.6504E-10
-5.0897E+02 3.6792E-10
-4.8909E+02 3.7076E-10
-4.6921E+02 3.7355E-10
-4.4933E+02 3.7629E-10
-4.2945E+02 3.7896E-10
-4.0957E+02 3.8157E-10
-3.8969E+02 3.8411E-10
-3.6981E+02 3.8657E-10
-3.4993E+02 3.8895E-10
-3.3005E+02 3.9125E-10
-3.1017E+02 3.9345E-10
-2.9029E+02 3.9555E-10
-2.7041E+02 3.9756E-10
-2.5053E+02 3.9945E-10
-2.3065E+02 4.0123E-10
-2.1077E+02 4.0290E-10
-1.9089E+02 4.0445E-10
-1.7101E+02 4.0587E-10
-1.5113E+02 4.0716E-10
-1.3124E+02 4.0833E-10
-1.1136E+02 4.0936E-10
-9.1484E+01 4.1025E-10
-7.1603E+01 4.1100E-10
-5.1723E+01 4.1161E-10
-3.1843E+01 4.1207E-10
-1.1962E+01 4.1239E-10
 7.9180E+00 4.1257E-10
 2.7798E+01 4.1260E-10
 4.7679E+01 4.1248E-10
 6.7559E+01 4.1222E-10
 8.7439E+01 4.1182E-10
 1.0732E+02 4.1126E-10
 1.2720E+02 4.1057E-10
 1.4708E+02 4.0974E-10
 1.6696E+02 4.0876E-10
 1.8684E+02 4.0765E-10
 2.0672E+02 4.0641E-10
 2.2660E+02 4.0504E-10
 2.4648E+02 4.0354E-10
 2.6636E+02 4.0191E-10
 2.8624E+02 4.0017E-10
 3.0612E+02 3.9832E-10
 3.2600E+02 3.9635E-10
 3.4588E+02 3.9428E-10
 3.6576E+02 3.9211E-10
 3.8565E+02 3.8985E-10
 4.0553E+02 3.8750E-10
 4.2541E+02 3.8506E-10
 4.4529E+02 3.8254E-10
 4.6517E+02 3.7995E-10
 4.8505E+02 3.7730E-10
 5.0493E+02 3.7458E-10
 5.2481E+02 3.7180E-10
 5.4469E+02 3.6897E-10
 5.6457E+02 3.6610E-10
 5.8445E+02 3.6318E-10
 6.0433E+02 3.6023E-10
 6.2421E+02 3.5724E-10
 6.4409E+02 3.5423E-10
 6.6397E+02 3.5119E-10
 6.8385E+02 3.4814E-10
 7.0373E+02 3.4507E-10
 7.2361E+02 3.4199E-10
 7.4349E+02 3.3890E-10
 7.6337E+02 3.3581E-10
 7.8325E+02 3.3272E-10
 8.0313E+02 3.2963E-10
 8.2301E+02 3.2654E-10
 8.4289E+02 3.2347E-10
 8.6277E+02 3.2040E-10
 8.8265E+02 3.1735E-10
 9.0253E+02 3.1431E-10
 9.2242E+02 3.1129E-10
 9.4230E+02 3.0829E-10
 9.6218E+02 3.0531E-10
 9.8206E+02 3.0235E-10
 1.0019E+03 2.9942E-10
 1.0218E+03 2.9651E-10
 1.0417E+03 2.9362E-10
 1.0616E+03 2.9077E-10
 1.0815E+03 2.8794E-10
 1.1013E+03 2.8514E-10
 1.1212E+03 2.8236E-10
 1.1411E+03 2.7962E-10
 1.1610E+03 2.7691E-10
 1.1809E+03 2.7423E-10
 1.2007E+03 2.7158E-10
 1.2206E+03 2.6896E-10
 1.2405E+03 2.6638E-10
 1.2604E+03 2.6382E-10
 1.2803E+03 2.6130E-10
 1.3001E+03 2.5881E-10
 1.3200E+03 2.5635E-10
 1.3399E+03 2.5392E-10
 1.3598E+03 2.5152E-10
 1.3797E+03 2.4916E-10
 1.3995E+03 2.4683E-10
 1.4194E+03 2.4453E-10
 1.4393E+03 2.4226E-10
 1.4592E+03 2.4002E-10
 1.4791E+03 2.3781E-10
 1.4989E+03 2.3563E-10
 1.5188E+03 2.3348E-10
 1.5387E+03 2.3136E-10
 1.5586E+03 2.2928E-10
 1.5785E+03 2.2722E-10
 1.5983E+03 2.2519E-10
 1.6182E+03 2.2318E-10
 1.6381E+03 2.2121E-10
 1.6580E+03 2.1926E-10
 1.6779E+03 2.1734E-10
 1.6977E+03 2.1545E-10
 1.7176E+03 2.1359E-10
 1.7375E+03 2.1175E-10
 1.7574E+03 2.0994E-10
 1.7773E+03 2.0815E-10
 1.7972E+03 2.0639E-10
 1.8170E+03 2.0465E-10
 1.8369E+03 2.0294E-10
 1.8568E+03 2.0125E-10
 1.8767E+03 1.9958E-10
 1.8966E+03 1.9794E-10
 1.9164E+03 1.9632E-10
 1.9363E+03 1.9472E-10
 1.9562E+03 1.9315E-10
 1.9761E+03 1.9160E-10
 1.9960E+03 1.9006E-10
