-1.9801E+03 1.3361E-01
-1.9602E+03 1.3596E-01
-1.9404E+03 1.3835E-01
-1.9205E+03 1.4080E-01
-1.9006E+03 1.4331E-01
-1.8807E+03 1.4588E-01
-1.8608E+03 1.4853E-01
-1.8410E+03 1.5124E-01
-1.8211E+03 1.5402E-01
-1.8012E+03 1.5688E-01
-1.7813E+03 1.5980E-01
-1.7614E+03 1.6280E-01
-1.7416E+03 1.6589E-01
-1.7217E+03 1.6905E-01
-1.7018E+03 1.7231E-01
-1.6819E+03 1.7565E-01
-1.6620E+03 1.7907E-01
-1.6422E+03 1.8261E-01
-1.6223E+03 1.8623E-01
-1.6024E+03 1.8994E-01
-1.5825E+03 1.9376E-01
-1.5626E+03 1.9770E-01
-1.5428E+03 2.0175E-01
-1.5229E+03 2.0591E-01
-1.5030E+03 2.1018E-01
-1.4831E+03 2.1458E-01
-1.4632E+03 2.1909E-01
-1.4433E+03 2.2376E-01
-1.4235E+03 2.2853E-01
-1.4036E+03 2.3348E-01
-1.3837E+03 2.3854E-01
-1.3638E+03 2.4377E-01
-1.3439E+03 2.4915E-01
-1.3241E+03 2.5469E-01
-1.3042E+03 2.6039E-01
-1.2843E+03 2.6626E-01
-1.2644E+03 2.7230E-01
-1.2445E+03 2.7853E-01
-1.2247E+03 2.8494E-01
-1.2048E+03 2.9156E-01
-1.1849E+03 2.9837E-01
-1.1650E+03 3.0537E-01
-1.1451E+03 3.1262E-01
-1.1253E+03 3.2006E-01
-1.1054E+03 3.2773E-01
-1.0855E+03 3.3565E-01
-1.0656E+03 3.4378E-01
-1.0457E+03 3.5217E-01
-1.0259E+03 3.6081E-01
-1.0060E+03 3.6973E-01
-9.8610E+02 3.7889E-01
-9.6622E+02 3.8833E-01
-9.4634E+02 3.9806E-01
-9.2646E+02 4.0808E-01
-9.0658E+02 4.1837E-01
-8.8670E+02 4.2898E-01
-8.6682E+02 4.3988E-01
-8.4694E+02 4.5108E-01
-8.2706E+02 4.6261E-01
-8.0718E+02 4.7446E-01
-7.8730E+02 4.8660E-01
-7.6742E+02 4.9908E-01
-7.4754E+02 5.1187E-01
-7.2766E+02 5.2501E-01
-7.0778E+02 5.3843E-01
-6.8790E+02 5.5218E-01
-6.6801E+02 5.6625E-01
-6.4813E+02 5.8061E-01
-6.2825E+02 5.9528E-01
-6.0837E+02 6.1020E-01
-5.8849E+02 6.2543E-01
-5.6861E+02 6.4088E-01
-5.4873E+02 6.5659E-01
-5.2885E+02 6.7250E-01
-5.0897E+02 6.8859E-01
-4.8909E+02 7.0482E-01
-4.6921E+02 7.2118E-01
-4.4933E+02 7.3761E-01
-4.2945E+02 7.5411E-01
-4.0957E+02 7.7058E-01
-3.8969E+02 7.8700E-01
-3.6981E+02 8.0331E-01
-3.4993E+02 8.1946E-01
-3.3005E+02 8.3537E-01
-3.1017E+02 8.5099E-01
-2.9029E+02 8.6625E-01
-2.7041E+02 8.8107E-01
-2.5053E+02 8.9538E-01
-2.3065E+02 9.0911E-01
-2.1077E+02 9.2220E-01
-1.9089E+02 9.3454E-01
-1.7101E+02 9.4606E-01
-1.5113E+02 9.5671E-01
-1.3124E+02 9.6643E-01
-1.1136E+02 9.7509E-01
-9.1484E+01 9.8271E-01
-7.1603E+01 9.8919E-01
-5.1723E+01 9.9449E-01
-3.1843E+01 9.9857E-01
-1.1962E+01 1.0014E+00
 7.9180E+00 1.0030E+00
 2.7798E+01 1.0033E+00
 4.7679E+01 1.0023E+00
 6.7559E+01 9.9996E-01
 8.7439E+01 9.9642E-01
 1.0732E+02 9.9165E-01
 1.2720E+02 9.8565E-01
 1.4708E+02 9.7853E-01
 1.6696E+02 9.7028E-01
 1.8684E+02 9.6099E-01
 2.0672E+02 9.5072E-01
 2.2660E+02 9.3953E-01
 2.4648E+02 9.2750E-01
 2.6636E+02 9.1468E-01
 2.8624E+02 9.0119E-01
 3.0612E+02 8.8707E-01
 3.2600E+02 8.7242E-01
 3.4588E+02 8.5729E-01
 3.6576E+02 8.4175E-01
 3.8565E+02 8.2590E-01
 4.0553E+02 8.0980E-01
 4.2541E+02 7.9349E-01
 4.4529E+02 7.7707E-01
 4.6517E+02 7.6055E-01
 4.8505E+02 7.4402E-01
 5.0493E+02 7.2749E-01
 5.2481E+02 7.1107E-01
 5.4469E+02 6.9472E-01
 5.6457E+02 6.7851E-01
 5.8445E+02 6.6249E-01
 6.0433E+02 6.4669E-01
 6.2421E+02 6.3107E-01
 6.4409E+02 6.1574E-01
 6.6397E+02 6.0065E-01
 6.8385E+02 5.8584E-01
 7.0373E+02 5.7133E-01
 7.2361E+02 5.5712E-01
 7.4349E+02 5.4322E-01
 7.6337E+02 5.2963E-01
 7.8325E+02 5.1637E-01
 8.0313E+02 5.0344E-01
 8.2301E+02 4.9082E-01
 8.4289E+02 4.7853E-01
 8.6277E+02 4.6654E-01
 8.8265E+02 4.5490E-01
 9.0253E+02 4.4355E-01
 9.2242E+02 4.3253E-01
 9.4230E+02 4.2181E-01
 9.6218E+02 4.1140E-01
 9.8206E+02 4.0128E-01
 1.0019E+03 3.9144E-01
 1.0218E+03 3.8190E-01
 1.0417E+03 3.7262E-01
 1.0616E+03 3.6361E-01
 1.0815E+03 3.5487E-01
 1.1013E+03 3.4638E-01
 1.1212E+03 3.3816E-01
 1.1411E+03 3.3017E-01
 1.1610E+03 3.2240E-01
 1.1809E+03 3.1488E-01
 1.2007E+03 3.0758E-01
 1.2206E+03 3.0049E-01
 1.2405E+03 2.9360E-01
 1.2604E+03 2.8692E-01
 1.2803E+03 2.8044E-01
 1.3001E+03 2.7414E-01
 1.3200E+03 2.6805E-01
 1.3399E+03 2.6213E-01
 1.3598E+03 2.5636E-01
 1.3797E+03 2.5077E-01
 1.3995E+03 2.4534E-01
 1.4194E+03 2.4007E-01
 1.4393E+03 2.3494E-01
 1.4592E+03 2.2997E-01
 1.4791E+03 2.2513E-01
 1.4989E+03 2.2044E-01
 1.5188E+03 2.1587E-01
 1.5387E+03 2.1143E-01
 1.5586E+03 2.0713E-01
 1.5785E+03 2.0294E-01
 1.5983E+03 1.9885E-01
 1.6182E+03 1.9488E-01
 1.6381E+03 1.9103E-01
 1.6580E+03 1.8727E-01
 1.6779E+03 1.8362E-01
 1.6977E+03 1.8007E-01
 1.7176E+03 1.7661E-01
 1.7375E+03 1.7324E-01
 1.7574E+03 1.6997E-01
 1.7773E+03 1.6677E-01
 1.7972E+03 1.6366E-01
 1.8170E+03 1.6064E-01
 1.8369E+03 1.5769E-01
 1.8568E+03 1.5482E-01
 1.8767E+03 1.5203E-01
 1.8966E+03 1.4930E-01
 1.9164E+03 1.4662E-01
 1.9363E+03 1.4403E-01
 1.9562E+03 1.4149E-01
 1.9761E+03 1.3903E-01
 1.9960E+03 1.3663E-01
