 0.0000E+00 1.1933E-01
 3.7500E-01 1.1930E-01
 7.5000E-01 1.1924E-01
 1.1250E+00 1.1913E-01
 1.5000E+00 1.1897E-01
 1.8750E+00 1.1877E-01
 2.2500E+00 1.1852E-01
 2.6250E+00 1.1823E-01
 3.0000E+00 1.1790E-01
 3.3750E+00 1.1753E-01
 3.7500E+00 1.1711E-01
 4.1250E+00 1.1665E-01
 4.5000E+00 1.1614E-01
 4.8750E+00 1.1560E-01
 5.2500E+00 1.1501E-01
 5.6250E+00 1.1439E-01
 6.0000E+00 1.1372E-01
 6.3750E+00 1.1302E-01
 6.7500E+00 1.1228E-01
 7.1250E+00 1.1150E-01
 7.5000E+00 1.1069E-01
 7.8750E+00 1.0984E-01
 8.2500E+00 1.0895E-01
 8.6250E+00 1.0804E-01
 9.0000E+00 1.0709E-01
 9.3750E+00 1.0611E-01
 9.7500E+00 1.0509E-01
 1.0125E+01 1.0405E-01
 1.0500E+01 1.0298E-01
 1.0875E+01 1.0189E-01
 1.1250E+01 1.0076E-01
 1.1625E+01 9.9615E-02
 1.2000E+01 9.8443E-02
 1.2375E+01 9.7248E-02
 1.2750E+01 9.6031E-02
 1.3125E+01 9.4794E-02
 1.3500E+01 9.3538E-02
 1.3875E+01 9.2264E-02
 1.4250E+01 9.0973E-02
 1.4625E+01 8.9666E-02
 1.5000E+01 8.8345E-02
 1.5375E+01 8.7011E-02
 1.5750E+01 8.5665E-02
 1.6125E+01 8.4307E-02
 1.6500E+01 8.2940E-02
 1.6875E+01 8.1565E-02
 1.7250E+01 8.0182E-02
 1.7625E+01 7.8793E-02
 1.8000E+01 7.7399E-02
 1.8375E+01 7.6002E-02
 1.8750E+01 7.4601E-02
 1.9125E+01 7.3199E-02
 1.9500E+01 7.1796E-02
 1.9875E+01 7.0393E-02
 2.0250E+01 6.8992E-02
 2.0625E+01 6.7594E-02
 2.1000E+01 6.6199E-02
 2.1375E+01 6.4808E-02
 2.1750E+01 6.3423E-02
 2.2125E+01 6.2044E-02
 2.2500E+01 6.0672E-02
 2.2875E+01 5.9308E-02
 2.3250E+01 5.7953E-02
 2.3625E+01 5.6608E-02
 2.4000E+01 5.5273E-02
 2.4375E+01 5.3950E-02
 2.4750E+01 5.2638E-02
 2.5125E+01 5.1339E-02
 2.5500E+01 5.0053E-02
 2.5875E+01 4.8781E-02
 2.6250E+01 4.7524E-02
 2.6625E+01 4.6281E-02
 2.7000E+01 4.5054E-02
 2.7375E+01 4.3843E-02
 2.7750E+01 4.2649E-02
 2.8125E+01 4.1472E-02
 2.8500E+01 4.0312E-02
 2.8875E+01 3.9169E-02
 2.9250E+01 3.8045E-02
 2.9625E+01 3.6939E-02
 3.0000E+01 3.5852E-02
 3.0375E+01 3.4784E-02
 3.0750E+01 3.3735E-02
 3.1125E+01 3.2705E-02
 3.1500E+01 3.1694E-02
 3.1875E+01 3.0704E-02
 3.2250E+01 2.9733E-02
 3.2625E+01 2.8782E-02
 3.3000E+01 2.7851E-02
 3.3375E+01 2.6940E-02
 3.3750E+01 2.6049E-02
 3.4125E+01 2.5178E-02
 3.4500E+01 2.4327E-02
 3.4875E+01 2.3496E-02
 3.5250E+01 2.2685E-02
 3.5625E+01 2.1894E-02
 3.6000E+01 2.1122E-02
 3.6375E+01 2.0370E-02
 3.6750E+01 1.9637E-02
 3.7125E+01 1.8923E-02
 3.7500E+01 1.8229E-02
 3.7875E+01 1.7553E-02
 3.8250E+01 1.6896E-02
 3.8625E+01 1.6258E-02
 3.9000E+01 1.5638E-02
 3.9375E+01 1.5036E-02
 3.9750E+01 1.4451E-02
 4.0125E+01 1.3884E-02
 4.0500E+01 1.3335E-02
 4.0875E+01 1.2802E-02
 4.1250E+01 1.2286E-02
 4.1625E+01 1.1786E-02
 4.2000E+01 1.1302E-02
 4.2375E+01 1.0835E-02
 4.2750E+01 1.0382E-02
 4.3125E+01 9.9450E-03
 4.3500E+01 9.5226E-03
 4.3875E+01 9.1147E-03
 4.4250E+01 8.7210E-03
 4.4625E+01 8.3412E-03
 4.5000E+01 7.9749E-03
 4.5375E+01 7.6219E-03
 4.5750E+01 7.2817E-03
 4.6125E+01 6.9541E-03
 4.6500E+01 6.6388E-03
 4.6875E+01 6.3353E-03
 4.7250E+01 6.0435E-03
 4.7625E+01 5.7629E-03
 4.8000E+01 5.4933E-03
 4.8375E+01 5.2344E-03
 4.8750E+01 4.9858E-03
 4.9125E+01 4.7472E-03
 4.9500E+01 4.5183E-03
 4.9875E+01 4.2988E-03
 5.0250E+01 4.0885E-03
 5.0625E+01 3.8870E-03
 5.1000E+01 3.6940E-03
 5.1375E+01 3.5093E-03
 5.1750E+01 3.3326E-03
 5.2125E+01 3.1636E-03
 5.2500E+01 3.0020E-03
 5.2875E+01 2.8477E-03
 5.3250E+01 2.7002E-03
 5.3625E+01 2.5594E-03
 5.4000E+01 2.4251E-03
 5.4375E+01 2.2969E-03
 5.4750E+01 2.1747E-03
 5.5125E+01 2.0582E-03
 5.5500E+01 1.9472E-03
 5.5875E+01 1.8415E-03
 5.6250E+01 1.7409E-03
 5.6625E+01 1.6452E-03
 5.7000E+01 1.5542E-03
 5.7375E+01 1.4676E-03
 5.7750E+01 1.3853E-03
 5.8125E+01 1.3072E-03
 5.8500E+01 1.2330E-03
 5.8875E+01 1.1626E-03
 5.9250E+01 1.0958E-03
 5.9625E+01 1.0324E-03
 6.0000E+01 9.7236E-04
 6.0375E+01 9.1545E-04
 6.0750E+01 8.6155E-04
 6.1125E+01 8.1051E-04
 6.1500E+01 7.6221E-04
 6.1875E+01 7.1652E-04
 6.2250E+01 6.7332E-04
 6.2625E+01 6.3248E-04
 6.3000E+01 5.9390E-04
 6.3375E+01 5.5746E-04
 6.3750E+01 5.2306E-04
 6.4125E+01 4.9060E-04
 6.4500E+01 4.5998E-04
 6.4875E+01 4.3111E-04
 6.5250E+01 4.0390E-04
 6.5625E+01 3.7827E-04
 6.6000E+01 3.5412E-04
 6.6375E+01 3.3140E-04
 6.6750E+01 3.1002E-04
 6.7125E+01 2.8990E-04
 6.7500E+01 2.7099E-04
 6.7875E+01 2.5322E-04
 6.8250E+01 2.3653E-04
 6.8625E+01 2.2085E-04
 6.9000E+01 2.0614E-04
 6.9375E+01 1.9233E-04
 6.9750E+01 1.7938E-04
 7.0125E+01 1.6724E-04
 7.0500E+01 1.5586E-04
 7.0875E+01 1.4520E-04
 7.1250E+01 1.3522E-04
 7.1625E+01 1.2588E-04
 7.2000E+01 1.1714E-04
 7.2375E+01 1.0897E-04
 7.2750E+01 1.0132E-04
 7.3125E+01 9.4183E-05
 7.3500E+01 8.7512E-05
 7.3875E+01 8.1283E-05
 7.4250E+01 7.5469E-05
 7.4625E+01 7.0044E-05
 7.5000E+01 6.4985E-05
 7.5375E+01 6.0269E-05
 7.5750E+01 5.5874E-05
 7.6125E+01 5.1780E-05
 7.6500E+01 4.7968E-05
 7.6875E+01 4.4420E-05
 7.7250E+01 4.1119E-05
 7.7625E+01 3.8049E-05
 7.8000E+01 3.5195E-05
 7.8375E+01 3.2543E-05
 7.8750E+01 3.0079E-05
 7.9125E+01 2.7791E-05
 7.9500E+01 2.5668E-05
 7.9875E+01 2.3698E-05
 8.0250E+01 2.1871E-05
 8.0625E+01 2.0177E-05
 8.1000E+01 1.8608E-05
 8.1375E+01 1.7154E-05
 8.1750E+01 1.5808E-05
 8.2125E+01 1.4562E-05
 8.2500E+01 1.3409E-05
 8.2875E+01 1.2343E-05
 8.3250E+01 1.1357E-05
 8.3625E+01 1.0446E-05
 8.4000E+01 9.6044E-06
 8.4375E+01 8.8275E-06
 8.4750E+01 8.1102E-06
 8.5125E+01 7.4485E-06
 8.5500E+01 6.8382E-06
 8.5875E+01 6.2756E-06
 8.6250E+01 5.7570E-06
 8.6625E+01 5.2794E-06
 8.7000E+01 4.8395E-06
 8.7375E+01 4.4346E-06
 8.7750E+01 4.0621E-06
 8.8125E+01 3.7195E-06
 8.8500E+01 3.4045E-06
 8.8875E+01 3.1150E-06
 8.9250E+01 2.8490E-06
 8.9625E+01 2.6048E-06
 9.0000E+01 2.3806E-06
 9.0375E+01 2.1749E-06
 9.0750E+01 1.9862E-06
 9.1125E+01 1.8132E-06
 9.1500E+01 1.6547E-06
 9.1875E+01 1.5094E-06
 9.2250E+01 1.3764E-06
 9.2625E+01 1.2546E-06
 9.3000E+01 1.1432E-06
 9.3375E+01 1.0413E-06
 9.3750E+01 9.4811E-07
 9.4125E+01 8.6293E-07
 9.4500E+01 7.8511E-07
 9.4875E+01 7.1404E-07
 9.5250E+01 6.4917E-07
 9.5625E+01 5.8996E-07
 9.6000E+01 5.3595E-07
 9.6375E+01 4.8670E-07
 9.6750E+01 4.4182E-07
 9.7125E+01 4.0092E-07
 9.7500E+01 3.6367E-07
 9.7875E+01 3.2976E-07
 9.8250E+01 2.9889E-07
 9.8625E+01 2.7082E-07
 9.9000E+01 2.4529E-07
 9.9375E+01 2.2208E-07
 9.9750E+01 2.0099E-07
 1.0012E+02 1.8184E-07
 1.0050E+02 1.6445E-07
 1.0088E+02 1.4867E-07
 1.0125E+02 1.3435E-07
 1.0162E+02 1.2136E-07
 1.0200E+02 1.0959E-07
 1.0238E+02 9.8927E-08
 1.0275E+02 8.9264E-08
 1.0313E+02 8.0516E-08
 1.0350E+02 7.2597E-08
 1.0388E+02 6.5433E-08
 1.0425E+02 5.8954E-08
 1.0462E+02 5.3096E-08
 1.0500E+02 4.7802E-08
 1.0538E+02 4.3020E-08
 1.0575E+02 3.8702E-08
 1.0612E+02 3.4804E-08
 1.0650E+02 3.1287E-08
 1.0688E+02 2.8115E-08
 1.0725E+02 2.5255E-08
 1.0763E+02 2.2677E-08
 1.0800E+02 2.0355E-08
 1.0838E+02 1.8263E-08
 1.0875E+02 1.6381E-08
 1.0912E+02 1.4687E-08
 1.0950E+02 1.3163E-08
 1.0988E+02 1.1793E-08
 1.1025E+02 1.0561E-08
 1.1062E+02 9.4550E-09
 1.1100E+02 8.4613E-09
 1.1138E+02 7.5692E-09
 1.1175E+02 6.7686E-09
 1.1212E+02 6.0504E-09
 1.1250E+02 5.4064E-09
 1.1288E+02 4.8291E-09
 1.1325E+02 4.3118E-09
 1.1363E+02 3.8485E-09
 1.1400E+02 3.4337E-09
 1.1438E+02 3.0625E-09
 1.1475E+02 2.7303E-09
 1.1512E+02 2.4333E-09
 1.1550E+02 2.1678E-09
 1.1588E+02 1.9305E-09
 1.1625E+02 1.7185E-09
 1.1662E+02 1.5293E-09
 1.1700E+02 1.3604E-09
 1.1738E+02 1.2096E-09
 1.1775E+02 1.0752E-09
 1.1813E+02 9.5536E-10
 1.1850E+02 8.4855E-10
 1.1888E+02 7.5340E-10
 1.1925E+02 6.6867E-10
 1.1962E+02 5.9324E-10
 1.2000E+02 5.2613E-10
 1.2038E+02 4.6643E-10
 1.2075E+02 4.1335E-10
 1.2112E+02 3.6618E-10
 1.2150E+02 3.2426E-10
 1.2188E+02 2.8704E-10
 1.2225E+02 2.5399E-10
 1.2263E+02 2.2466E-10
 1.2300E+02 1.9865E-10
 1.2338E+02 1.7558E-10
 1.2375E+02 1.5513E-10
 1.2412E+02 1.3701E-10
 1.2450E+02 1.2097E-10
 1.2488E+02 1.0676E-10
 1.2525E+02 9.4185E-11
 1.2562E+02 8.3060E-11
 1.2600E+02 7.3221E-11
 1.2638E+02 6.4524E-11
 1.2675E+02 5.6839E-11
 1.2712E+02 5.0050E-11
 1.2750E+02 4.4055E-11
 1.2788E+02 3.8764E-11
 1.2825E+02 3.4095E-11
 1.2862E+02 2.9978E-11
 1.2900E+02 2.6348E-11
 1.2938E+02 2.3149E-11
 1.2975E+02 2.0330E-11
 1.3012E+02 1.7848E-11
 1.3050E+02 1.5663E-11
 1.3088E+02 1.3741E-11
 1.3125E+02 1.2050E-11
 1.3163E+02 1.0563E-11
 1.3200E+02 9.2556E-12
 1.3238E+02 8.1074E-12
 1.3275E+02 7.0989E-12
 1.3312E+02 6.2135E-12
 1.3350E+02 5.4365E-12
 1.3388E+02 4.7549E-12
 1.3425E+02 4.1572E-12
 1.3462E+02 3.6332E-12
 1.3500E+02 3.1741E-12
 1.3538E+02 2.7720E-12
 1.3575E+02 2.4199E-12
 1.3613E+02 2.1117E-12
 1.3650E+02 1.8421E-12
 1.3688E+02 1.6063E-12
 1.3725E+02 1.4002E-12
 1.3762E+02 1.2200E-12
 1.3800E+02 1.0627E-12
 1.3838E+02 9.2524E-13
 1.3875E+02 8.0530E-13
 1.3912E+02 7.0064E-13
 1.3950E+02 6.0935E-13
 1.3988E+02 5.2975E-13
 1.4025E+02 4.6038E-13
 1.4063E+02 3.9995E-13
 1.4100E+02 3.4731E-13
 1.4138E+02 3.0150E-13
 1.4175E+02 2.6162E-13
 1.4212E+02 2.2694E-13
 1.4250E+02 1.9677E-13
 1.4288E+02 1.7056E-13
 1.4325E+02 1.4778E-13
 1.4362E+02 1.2799E-13
 1.4400E+02 1.1082E-13
 1.4438E+02 9.5908E-14
 1.4475E+02 8.2975E-14
 1.4512E+02 7.1758E-14
 1.4550E+02 6.2034E-14
 1.4588E+02 5.3608E-14
 1.4625E+02 4.6309E-14
 1.4662E+02 3.9989E-14
 1.4700E+02 3.4518E-14
 1.4738E+02 2.9785E-14
 1.4775E+02 2.5691E-14
 1.4812E+02 2.2151E-14
 1.4850E+02 1.9092E-14
 1.4888E+02 1.6449E-14
 1.4925E+02 1.4167E-14
 1.4962E+02 1.2197E-14
 1.5000E+02 1.0496E-14
