-1.9801E+03 1.3999E+00
-1.9602E+03 1.3998E+00
-1.9404E+03 1.3997E+00
-1.9205E+03 1.3996E+00
-1.9006E+03 1.3995E+00
-1.8807E+03 1.3994E+00
-1.8608E+03 1.3992E+00
-1.8410E+03 1.3991E+00
-1.8211E+03 1.3990E+00
-1.8012E+03 1.3989E+00
-1.7813E+03 1.3987E+00
-1.7614E+03 1.3986E+00
-1.7416E+03 1.3984E+00
-1.7217E+03 1.3983E+00
-1.7018E+03 1.3981E+00
-1.6819E+03 1.3979E+00
-1.6620E+03 1.3977E+00
-1.6422E+03 1.3976E+00
-1.6223E+03 1.3974E+00
-1.6024E+03 1.3971E+00
-1.5825E+03 1.3969E+00
-1.5626E+03 1.3967E+00
-1.5428E+03 1.3965E+00
-1.5229E+03 1.3962E+00
-1.5030E+03 1.3960E+00
-1.4831E+03 1.3957E+00
-1.4632E+03 1.3954E+00
-1.4433E+03 1.3951E+00
-1.4235E+03 1.3948E+00
-1.4036E+03 1.3944E+00
-1.3837E+03 1.3941E+00
-1.3638E+03 1.3937E+00
-1.3439E+03 1.3933E+00
-1.3241E+03 1.3929E+00
-1.3042E+03 1.3925E+00
-1.2843E+03 1.3921E+00
-1.2644E+03 1.3916E+00
-1.2445E+03 1.3911E+00
-1.2247E+03 1.3906E+00
-1.2048E+03 1.3900E+00
-1.1849E+03 1.3894E+00
-1.1650E+03 1.3888E+00
-1.1451E+03 1.3882E+00
-1.1253E+03 1.3875E+00
-1.1054E+03 1.3868E+00
-1.0855E+03 1.3861E+00
-1.0656E+03 1.3853E+00
-1.0457E+03 1.3845E+00
-1.0259E+03 1.3836E+00
-1.0060E+03 1.3827E+00
-9.8610E+02 1.3817E+00
-9.6622E+02 1.3807E+00
-9.4634E+02 1.3796E+00
-9.2646E+02 1.3785E+00
-9.0658E+02 1.3773E+00
-8.8670E+02 1.3761E+00
-8.6682E+02 1.3747E+00
-8.4694E+02 1.3734E+00
-8.2706E+02 1.3719E+00
-8.0718E+02 1.3704E+00
-7.8730E+02 1.3688E+00
-7.6742E+02 1.3671E+00
-7.4754E+02 1.3654E+00
-7.2766E+02 1.3635E+00
-7.0778E+02 1.3616E+00
-6.8790E+02 1.3596E+00
-6.6801E+02 1.3575E+00
-6.4813E+02 1.3553E+00
-6.2825E+02 1.3530E+00
-6.0837E+02 1.3506E+00
-5.8849E+02 1.3481E+00
-5.6861E+02 1.3455E+00
-5.4873E+02 1.3429E+00
-5.2885E+02 1.3401E+00
-5.0897E+02 1.3373E+00
-4.8909E+02 1.3343E+00
-4.6921E+02 1.3313E+00
-4.4933E+02 1.3282E+00
-4.2945E+02 1.3251E+00
-4.0957E+02 1.3219E+00
-3.8969E+02 1.3187E+00
-3.6981E+02 1.3154E+00
-3.4993E+02 1.3121E+00
-3.3005E+02 1.3088E+00
-3.1017E+02 1.3055E+00
-2.9029E+02 1.3022E+00
-2.7041E+02 1.2990E+00
-2.5053E+02 1.2959E+00
-2.3065E+02 1.2928E+00
-2.1077E+02 1.2899E+00
-1.9089E+02 1.2871E+00
-1.7101E+02 1.2844E+00
-1.5113E+02 1.2819E+00
-1.3124E+02 1.2797E+00
-1.1136E+02 1.2776E+00
-9.1484E+01 1.2758E+00
-7.1603E+01 1.2743E+00
-5.1723E+01 1.2730E+00
-3.1843E+01 1.2720E+00
-1.1962E+01 1.2714E+00
 7.9180E+00 1.2710E+00
 2.7798E+01 1.2709E+00
 4.7679E+01 1.2712E+00
 6.7559E+01 1.2717E+00
 8.7439E+01 1.2726E+00
 1.0732E+02 1.2737E+00
 1.2720E+02 1.2752E+00
 1.4708E+02 1.2769E+00
 1.6696E+02 1.2788E+00
 1.8684E+02 1.2810E+00
 2.0672E+02 1.2834E+00
 2.2660E+02 1.2860E+00
 2.4648E+02 1.2887E+00
 2.6636E+02 1.2916E+00
 2.8624E+02 1.2946E+00
 3.0612E+02 1.2978E+00
 3.2600E+02 1.3010E+00
 3.4588E+02 1.3042E+00
 3.6576E+02 1.3075E+00
 3.8565E+02 1.3108E+00
 4.0553E+02 1.3141E+00
 4.2541E+02 1.3174E+00
 4.4529E+02 1.3207E+00
 4.6517E+02 1.3239E+00
 4.8505E+02 1.3271E+00
 5.0493E+02 1.3302E+00
 5.2481E+02 1.3332E+00
 5.4469E+02 1.3362E+00
 5.6457E+02 1.3391E+00
 5.8445E+02 1.3419E+00
 6.0433E+02 1.3446E+00
 6.2421E+02 1.3472E+00
 6.4409E+02 1.3497E+00
 6.6397E+02 1.3521E+00
 6.8385E+02 1.3545E+00
 7.0373E+02 1.3567E+00
 7.2361E+02 1.3589E+00
 7.4349E+02 1.3609E+00
 7.6337E+02 1.3629E+00
 7.8325E+02 1.3647E+00
 8.0313E+02 1.3665E+00
 8.2301E+02 1.3682E+00
 8.4289E+02 1.3699E+00
 8.6277E+02 1.3714E+00
 8.8265E+02 1.3729E+00
 9.0253E+02 1.3743E+00
 9.2242E+02 1.3756E+00
 9.4230E+02 1.3769E+00
 9.6218E+02 1.3781E+00
 9.8206E+02 1.3793E+00
 1.0019E+03 1.3803E+00
 1.0218E+03 1.3814E+00
 1.0417E+03 1.3824E+00
 1.0616E+03 1.3833E+00
 1.0815E+03 1.3842E+00
 1.1013E+03 1.3850E+00
 1.1212E+03 1.3858E+00
 1.1411E+03 1.3866E+00
 1.1610E+03 1.3873E+00
 1.1809E+03 1.3880E+00
 1.2007E+03 1.3886E+00
 1.2206E+03 1.3893E+00
 1.2405E+03 1.3898E+00
 1.2604E+03 1.3904E+00
 1.2803E+03 1.3909E+00
 1.3001E+03 1.3914E+00
 1.3200E+03 1.3919E+00
 1.3399E+03 1.3924E+00
 1.3598E+03 1.3928E+00
 1.3797E+03 1.3932E+00
 1.3995E+03 1.3936E+00
 1.4194E+03 1.3940E+00
 1.4393E+03 1.3943E+00
 1.4592E+03 1.3947E+00
 1.4791E+03 1.3950E+00
 1.4989E+03 1.3953E+00
 1.5188E+03 1.3956E+00
 1.5387E+03 1.3959E+00
 1.5586E+03 1.3961E+00
 1.5785E+03 1.3964E+00
 1.5983E+03 1.3966E+00
 1.6182E+03 1.3969E+00
 1.6381E+03 1.3971E+00
 1.6580E+03 1.3973E+00
 1.6779E+03 1.3975E+00
 1.6977E+03 1.3977E+00
 1.7176E+03 1.3979E+00
 1.7375E+03 1.3980E+00
 1.7574E+03 1.3982E+00
 1.7773E+03 1.3984E+00
 1.7972E+03 1.3985E+00
 1.8170E+03 1.3987E+00
 1.8369E+03 1.3988E+00
 1.8568E+03 1.3990E+00
 1.8767E+03 1.3991E+00
 1.8966E+03 1.3992E+00
 1.9164E+03 1.3993E+00
 1.9363E+03 1.3994E+00
 1.9562E+03 1.3995E+00
 1.9761E+03 1.3996E+00
 1.9960E+03 1.3997E+00
