-1.9801E+03 2.5730E+17
-1.9602E+03 2.6182E+17
-1.9404E+03 2.6643E+17
-1.9205E+03 2.7115E+17
-1.9006E+03 2.7599E+17
-1.8807E+03 2.8094E+17
-1.8608E+03 2.8604E+17
-1.8410E+03 2.9125E+17
-1.8211E+03 2.9661E+17
-1.8012E+03 3.0212E+17
-1.7813E+03 3.0774E+17
-1.7614E+03 3.1352E+17
-1.7416E+03 3.1946E+17
-1.7217E+03 3.2556E+17
-1.7018E+03 3.3184E+17
-1.6819E+03 3.3826E+17
-1.6620E+03 3.4486E+17
-1.6422E+03 3.5167E+17
-1.6223E+03 3.5863E+17
-1.6024E+03 3.6579E+17
-1.5825E+03 3.7315E+17
-1.5626E+03 3.8072E+17
-1.5428E+03 3.8852E+17
-1.5229E+03 3.9654E+17
-1.5030E+03 4.0476E+17
-1.4831E+03 4.1324E+17
-1.4632E+03 4.2193E+17
-1.4433E+03 4.3091E+17
-1.4235E+03 4.4010E+17
-1.4036E+03 4.4963E+17
-1.3837E+03 4.5937E+17
-1.3638E+03 4.6944E+17
-1.3439E+03 4.7981E+17
-1.3241E+03 4.9047E+17
-1.3042E+03 5.0144E+17
-1.2843E+03 5.1276E+17
-1.2644E+03 5.2440E+17
-1.2445E+03 5.3638E+17
-1.2247E+03 5.4873E+17
-1.2048E+03 5.6148E+17
-1.1849E+03 5.7459E+17
-1.1650E+03 5.8808E+17
-1.1451E+03 6.0203E+17
-1.1253E+03 6.1636E+17
-1.1054E+03 6.3113E+17
-1.0855E+03 6.4638E+17
-1.0656E+03 6.6205E+17
-1.0457E+03 6.7821E+17
-1.0259E+03 6.9484E+17
-1.0060E+03 7.1201E+17
-9.8610E+02 7.2966E+17
-9.6622E+02 7.4784E+17
-9.4634E+02 7.6657E+17
-9.2646E+02 7.8587E+17
-9.0658E+02 8.0569E+17
-8.8670E+02 8.2611E+17
-8.6682E+02 8.4711E+17
-8.4694E+02 8.6868E+17
-8.2706E+02 8.9088E+17
-8.0718E+02 9.1369E+17
-7.8730E+02 9.3709E+17
-7.6742E+02 9.6111E+17
-7.4754E+02 9.8575E+17
-7.2766E+02 1.0110E+18
-7.0778E+02 1.0369E+18
-6.8790E+02 1.0634E+18
-6.6801E+02 1.0905E+18
-6.4813E+02 1.1181E+18
-6.2825E+02 1.1464E+18
-6.0837E+02 1.1751E+18
-5.8849E+02 1.2044E+18
-5.6861E+02 1.2342E+18
-5.4873E+02 1.2645E+18
-5.2885E+02 1.2951E+18
-5.0897E+02 1.3261E+18
-4.8909E+02 1.3573E+18
-4.6921E+02 1.3888E+18
-4.4933E+02 1.4205E+18
-4.2945E+02 1.4523E+18
-4.0957E+02 1.4840E+18
-3.8969E+02 1.5156E+18
-3.6981E+02 1.5470E+18
-3.4993E+02 1.5781E+18
-3.3005E+02 1.6087E+18
-3.1017E+02 1.6388E+18
-2.9029E+02 1.6682E+18
-2.7041E+02 1.6967E+18
-2.5053E+02 1.7243E+18
-2.3065E+02 1.7507E+18
-2.1077E+02 1.7760E+18
-1.9089E+02 1.7997E+18
-1.7101E+02 1.8219E+18
-1.5113E+02 1.8424E+18
-1.3124E+02 1.8611E+18
-1.1136E+02 1.8778E+18
-9.1484E+01 1.8925E+18
-7.1603E+01 1.9050E+18
-5.1723E+01 1.9152E+18
-3.1843E+01 1.9230E+18
-1.1962E+01 1.9285E+18
 7.9180E+00 1.9315E+18
 2.7798E+01 1.9320E+18
 4.7679E+01 1.9301E+18
 6.7559E+01 1.9257E+18
 8.7439E+01 1.9189E+18
 1.0732E+02 1.9097E+18
 1.2720E+02 1.8981E+18
 1.4708E+02 1.8844E+18
 1.6696E+02 1.8685E+18
 1.8684E+02 1.8507E+18
 2.0672E+02 1.8309E+18
 2.2660E+02 1.8093E+18
 2.4648E+02 1.7862E+18
 2.6636E+02 1.7615E+18
 2.8624E+02 1.7355E+18
 3.0612E+02 1.7083E+18
 3.2600E+02 1.6801E+18
 3.4588E+02 1.6509E+18
 3.6576E+02 1.6210E+18
 3.8565E+02 1.5905E+18
 4.0553E+02 1.5595E+18
 4.2541E+02 1.5281E+18
 4.4529E+02 1.4965E+18
 4.6517E+02 1.4647E+18
 4.8505E+02 1.4328E+18
 5.0493E+02 1.4010E+18
 5.2481E+02 1.3694E+18
 5.4469E+02 1.3379E+18
 5.6457E+02 1.3067E+18
 5.8445E+02 1.2758E+18
 6.0433E+02 1.2454E+18
 6.2421E+02 1.2153E+18
 6.4409E+02 1.1858E+18
 6.6397E+02 1.1567E+18
 6.8385E+02 1.1282E+18
 7.0373E+02 1.1002E+18
 7.2361E+02 1.0729E+18
 7.4349E+02 1.0461E+18
 7.6337E+02 1.0200E+18
 7.8325E+02 9.9442E+17
 8.0313E+02 9.6951E+17
 8.2301E+02 9.4522E+17
 8.4289E+02 9.2155E+17
 8.6277E+02 8.9846E+17
 8.8265E+02 8.7604E+17
 9.0253E+02 8.5418E+17
 9.2242E+02 8.3295E+17
 9.4230E+02 8.1232E+17
 9.6218E+02 7.9227E+17
 9.8206E+02 7.7278E+17
 1.0019E+03 7.5384E+17
 1.0218E+03 7.3545E+17
 1.0417E+03 7.1759E+17
 1.0616E+03 7.0024E+17
 1.0815E+03 6.8340E+17
 1.1013E+03 6.6705E+17
 1.1212E+03 6.5121E+17
 1.1411E+03 6.3584E+17
 1.1610E+03 6.2088E+17
 1.1809E+03 6.0638E+17
 1.2007E+03 5.9232E+17
 1.2206E+03 5.7867E+17
 1.2405E+03 5.6541E+17
 1.2604E+03 5.5254E+17
 1.2803E+03 5.4007E+17
 1.3001E+03 5.2794E+17
 1.3200E+03 5.1620E+17
 1.3399E+03 5.0480E+17
 1.3598E+03 4.9369E+17
 1.3797E+03 4.8293E+17
 1.3995E+03 4.7248E+17
 1.4194E+03 4.6232E+17
 1.4393E+03 4.5245E+17
 1.4592E+03 4.4288E+17
 1.4791E+03 4.3355E+17
 1.4989E+03 4.2452E+17
 1.5188E+03 4.1572E+17
 1.5387E+03 4.0717E+17
 1.5586E+03 3.9889E+17
 1.5785E+03 3.9081E+17
 1.5983E+03 3.8295E+17
 1.6182E+03 3.7530E+17
 1.6381E+03 3.6789E+17
 1.6580E+03 3.6065E+17
 1.6779E+03 3.5362E+17
 1.6977E+03 3.4678E+17
 1.7176E+03 3.4010E+17
 1.7375E+03 3.3363E+17
 1.7574E+03 3.2732E+17
 1.7773E+03 3.2117E+17
 1.7972E+03 3.1518E+17
 1.8170E+03 3.0935E+17
 1.8369E+03 3.0368E+17
 1.8568E+03 2.9815E+17
 1.8767E+03 2.9277E+17
 1.8966E+03 2.8751E+17
 1.9164E+03 2.8236E+17
 1.9363E+03 2.7738E+17
 1.9562E+03 2.7249E+17
 1.9761E+03 2.6774E+17
 1.9960E+03 2.6312E+17
