     -1980.1196        22.5902
     -1960.2391        22.3925
     -1940.3589        22.1985
     -1920.4785        22.0011
     -1900.5980        21.8079
     -1880.7178        21.6108
     -1860.8374        21.4184
     -1840.9569        21.2218
     -1821.0767        21.0301
     -1801.1963        20.8339
     -1781.3158        20.6432
     -1761.4354        20.4475
     -1741.5552        20.2576
     -1721.6747        20.0624
     -1701.7943        19.8734
     -1681.9141        19.6825
     -1662.0336        19.4907
     -1642.1532        19.3008
     -1622.2729        19.1098
     -1602.3925        18.9207
     -1582.5121        18.7306
     -1562.6317        18.5425
     -1542.7513        18.3532
     -1522.8710        18.1661
     -1502.9906        17.9778
     -1483.1102        17.7918
     -1463.2299        17.6045
     -1443.3495        17.4195
     -1423.4691        17.2334
     -1403.5886        17.0495
     -1383.7084        16.8646
     -1363.8279        16.6819
     -1343.9476        16.4984
     -1324.0673        16.3127
     -1304.1868        16.1349
     -1284.3064        15.9507
     -1264.4261        15.7741
     -1244.5457        15.5916
     -1224.6654        15.4165
     -1204.7850        15.2358
     -1184.9045        15.0620
     -1165.0240        14.8834
     -1145.1439        14.7111
     -1125.2634        14.5347
     -1105.3831        14.3638
     -1085.5028        14.1898
     -1065.6223        14.0204
     -1045.7418        13.8491
     -1025.8616        13.6813
     -1005.9812        13.5128
      -986.1008        13.3426
      -966.2205        13.1812
      -946.3400        13.0143
      -926.4597        12.8546
      -906.5793        12.6913
      -886.6989        12.5334
      -866.8186        12.3739
      -846.9381        12.2132
      -827.0578        12.0625
      -807.1774        11.9063
      -787.2970        11.7574
      -767.4167        11.6059
      -747.5363        11.4537
      -727.6559        11.3126
      -707.7756        11.1658
      -687.8952        11.0266
      -668.0149        10.8858
      -648.1344        10.7447
      -628.2541        10.6137
      -608.3738        10.4794
      -588.4932        10.3452
      -568.6129        10.2228
      -548.7325        10.0961
      -528.8522         9.9702
      -508.9718         9.8565
      -489.0914         9.7389
      -469.2110         9.6226
      -449.3307         9.5175
      -429.4503         9.4104
      -409.5699         9.3051
      -389.6896         9.2019
      -369.8092         9.1130
      -349.9289         9.0202
      -330.0483         8.9301
      -310.1680         8.8430
      -290.2877         8.7696
      -270.4072         8.6938
      -250.5269         8.6216
      -230.6465         8.5531
      -210.7662         8.4887
      -190.8857         8.4369
      -171.0054         8.3846
      -151.1251         8.3367
      -131.2448         8.2935
      -111.3643         8.2551
       -91.4838         8.2217
       -71.6035         8.1935
       -51.7230         8.1705
       -31.8427         8.1528
       -11.9624         8.1407
         7.9180         8.1340
        27.7983         8.1329
        47.6788         8.1373
        67.5591         8.1473
        87.4394         8.1627
       107.3199         8.1836
       127.2001         8.2098
       147.0806         8.2411
       166.9610         8.2776
       186.8415         8.3189
       206.7217         8.3650
       226.6021         8.4157
       246.4826         8.4645
       266.3628         8.5274
       286.2433         8.5943
       306.1237         8.6652
       326.0039         8.7398
       345.8844         8.8102
       365.7648         8.8963
       385.6453         8.9854
       405.5255         9.0774
       425.4060         9.1720
       445.2864         9.2660
       465.1666         9.3708
       485.0471         9.4774
       504.9273         9.5799
       524.8077         9.6959
       544.6882         9.8133
       564.5684         9.9319
       584.4489        10.0504
       604.3291        10.1771
       624.2095        10.3044
       644.0900        10.4315
       663.9702        10.5661
       683.8507        10.6949
       703.7311        10.8363
       723.6113        10.9775
       743.4918        11.1147
       763.3723        11.2619
       783.2525        11.4086
       803.1332        11.5539
       823.0137        11.7058
       842.8939        11.8530
       862.7743        12.0098
       882.6545        12.1656
       902.5350        12.3203
       922.4155        12.4803
       942.2957        12.6367
       962.1761        12.8007
       982.0563        12.9590
      1001.9368        13.1266
      1021.8173        13.2926
      1041.6974        13.4575
      1061.5779        13.6267
      1081.4584        13.7932
      1101.3386        13.9654
      1121.2190        14.1335
      1141.0995        14.3082
      1160.9797        14.4779
      1180.8601        14.6551
      1200.7404        14.8263
      1220.6208        15.0057
      1240.5012        15.1832
      1260.3815        15.3599
      1280.2620        15.5393
      1300.1422        15.7173
      1320.0228        15.8985
      1339.9033        16.0778
      1359.7836        16.2607
      1379.6639        16.4412
      1399.5444        16.6255
      1419.4247        16.8073
      1439.3051        16.9930
      1459.1855        17.1760
      1479.0658        17.3630
      1498.9463        17.5470
      1518.8267        17.7352
      1538.7069        17.9203
      1558.5874        18.1095
      1578.4675        18.2957
      1598.3480        18.4858
      1618.2285        18.6731
      1638.1086        18.8641
      1657.9891        19.0523
      1677.8694        19.2441
      1697.7499        19.4333
      1717.6302        19.6257
      1737.5105        19.8159
      1757.3910        20.0090
      1777.2714        20.2001
      1797.1516        20.3938
      1817.0323        20.5857
      1836.9128        20.7799
      1856.7930        20.9727
      1876.6735        21.1674
      1896.5540        21.3609
      1916.4341        21.5561
      1936.3146        21.7504
      1956.1948        21.9430
      1976.0752        22.1411
      1995.9557        22.3345
