     -1980.1196        27.4662
     -1960.2391        27.2262
     -1940.3589        26.9904
     -1920.4785        26.7534
     -1900.5980        26.5151
     -1880.7178        26.2799
     -1860.8374        26.0436
     -1840.9569        25.8071
     -1821.0767        25.5726
     -1801.1963        25.3350
     -1781.3158        25.1025
     -1761.4354        24.8687
     -1741.5552        24.6332
     -1721.6747        24.4015
     -1701.7943        24.1685
     -1681.9141        23.9353
     -1662.0336        23.7043
     -1642.1532        23.4703
     -1622.2729        23.2415
     -1602.3925        23.0113
     -1582.5121        22.7800
     -1562.6317        22.5521
     -1542.7513        22.3201
     -1522.8710        22.0945
     -1502.9906        21.8675
     -1483.1102        21.6387
     -1463.2299        21.4142
     -1443.3495        21.1849
     -1423.4691        20.9629
     -1403.5886        20.7394
     -1383.7084        20.5140
     -1363.8279        20.2931
     -1343.9476        20.0675
     -1324.0673        19.8494
     -1304.1868        19.6297
     -1284.3064        19.4086
     -1264.4261        19.1917
     -1244.5457        18.9709
     -1224.6654        18.7570
     -1204.7850        18.5414
     -1184.9045        18.3259
     -1165.0240        18.1133
     -1145.1439        17.8987
     -1125.2634        17.6893
     -1105.3831        17.4758
     -1085.5028        17.2697
     -1065.6223        17.0617
     -1045.7418        16.8550
     -1025.8616        16.6504
     -1005.9812        16.4456
      -986.1008        16.2445
      -966.2205        16.0419
      -946.3400        15.8446
      -926.4597        15.6445
      -906.5793        15.4511
      -886.6989        15.2540
      -866.8186        15.0646
      -846.9381        14.8709
      -827.0578        14.6856
      -807.1774        14.4959
      -787.2970        14.3148
      -767.4167        14.1295
      -747.5363        13.9528
      -727.6559        13.7726
      -707.7756        13.6002
      -687.8952        13.4257
      -668.0149        13.2577
      -648.1344        13.0895
      -628.2541        12.9259
      -608.3738        12.7647
      -588.4932        12.6025
      -568.6129        12.4519
      -548.7325        12.2979
      -528.8522        12.1516
      -508.9718        12.0065
      -489.0914        11.8617
      -469.2110        11.7288
      -449.3307        11.5943
      -429.4503        11.4607
      -409.5699        11.3413
      -389.6896        11.2194
      -369.8092        11.0994
      -349.9289        10.9929
      -330.0483        10.8856
      -310.1680        10.7813
      -290.2877        10.6868
      -270.4072        10.5960
      -250.5269        10.5091
      -230.6465        10.4263
      -210.7662        10.3481
      -190.8857        10.2836
      -171.0054        10.2203
      -151.1251        10.1622
      -131.2448        10.1095
      -111.3643        10.0626
       -91.4838        10.0217
       -71.6035         9.9870
       -51.7230         9.9587
       -31.8427         9.9370
       -11.9624         9.9297
         7.9180         9.9221
        27.7983         9.9208
        47.6788         9.9260
        67.5591         9.9374
        87.4394         9.9495
       107.3199         9.9753
       127.2001        10.0075
       147.0806        10.0461
       166.9610        10.0908
       186.8415        10.1413
       206.7217        10.1974
       226.6021        10.2588
       246.4826        10.3195
       266.3628        10.3961
       286.2433        10.4773
       306.1237        10.5627
       326.0039        10.6522
       345.8844        10.7430
       365.7648        10.8463
       385.6453        10.9527
       405.5255        11.0618
       425.4060        11.1749
       445.2864        11.2963
       465.1666        11.4196
       485.0471        11.5455
       504.9273        11.6799
       524.8077        11.8095
       544.6882        11.9544
       564.5684        12.0996
       584.4489        12.2429
       604.3291        12.3972
       624.2095        12.5511
       644.0900        12.7076
       663.9702        12.8694
       683.8507        13.0303
       703.7311        13.1993
       723.6113        13.3647
       743.4918        13.5401
       763.3723        13.7100
       783.2525        13.8912
       803.1332        14.0656
       823.0137        14.2519
       842.8939        14.4357
       862.7743        14.6217
       882.6545        14.8097
       902.5350        14.9998
       922.4155        15.1872
       942.2957        15.3856
       962.1761        15.5771
       982.0563        15.7785
      1001.9368        15.9740
      1021.8173        16.1780
      1041.6974        16.3773
      1061.5779        16.5835
      1081.4584        16.7865
      1101.3386        16.9946
      1121.2190        17.2011
      1141.0995        17.4108
      1160.9797        17.6206
      1180.8601        17.8284
      1200.7404        18.0445
      1220.6208        18.2557
      1240.5012        18.4727
      1260.3815        18.6870
      1280.2620        18.9046
      1300.1422        19.1219
      1320.0228        19.3374
      1339.9033        19.5600
      1359.7836        19.7785
      1379.6639        20.0013
      1399.5444        20.2225
      1419.4247        20.4422
      1439.3051        20.6692
      1459.1855        20.8915
      1479.0658        21.1182
      1498.9463        21.3431
      1518.8267        21.5665
      1538.7069        21.7968
      1558.5874        22.0227
      1578.4675        22.2524
      1598.3480        22.4806
      1618.2285        22.7075
      1638.1086        22.9402
      1657.9891        23.1693
      1677.8694        23.4014
      1697.7499        23.6326
      1717.6302        23.8626
      1737.5105        24.0972
      1757.3910        24.3292
      1777.2714        24.5600
      1797.1516        24.7969
      1817.0323        25.0297
      1836.9128        25.2656
      1856.7930        25.5004
      1876.6735        25.7340
      1896.5540        25.9718
      1916.4341        26.2072
      1936.3146        26.4416
      1956.1948        26.6813
      1976.0752        26.9173
      1995.9557        27.1558
