     -1980.1196        29.8302
     -1960.2391        29.5737
     -1940.3589        29.3164
     -1920.4785        29.0585
     -1900.5980        28.8008
     -1880.7178        28.5449
     -1860.8374        28.2883
     -1840.9569        28.0314
     -1821.0767        27.7770
     -1801.1963        27.5217
     -1781.3158        27.2657
     -1761.4354        27.0128
     -1741.5552        26.7591
     -1721.6747        26.5041
     -1701.7943        26.2528
     -1681.9141        26.0006
     -1662.0336        25.7470
     -1642.1532        25.4974
     -1622.2729        25.2469
     -1602.3925        24.9948
     -1582.5121        24.7469
     -1562.6317        24.4981
     -1542.7513        24.2478
     -1522.8710        24.0018
     -1502.9906        23.7549
     -1483.1102        23.5067
     -1463.2299        23.2627
     -1443.3495        23.0178
     -1423.4691        22.7721
     -1403.5886        22.5302
     -1383.7084        22.2873
     -1363.8279        22.0445
     -1343.9476        21.8049
     -1324.0673        21.5609
     -1304.1868        21.3247
     -1284.3064        21.0874
     -1264.4261        20.8471
     -1244.5457        20.6134
     -1224.6654        20.3784
     -1204.7850        20.1424
     -1184.9045        19.9112
     -1165.0240        19.6788
     -1145.1439        19.4477
     -1125.2634        19.2191
     -1105.3831        18.9881
     -1085.5028        18.7637
     -1065.6223        18.5380
     -1045.7418        18.3130
     -1025.8616        18.0916
     -1005.9812        17.8676
      -986.1008        17.6507
      -966.2205        17.4322
      -946.3400        17.2158
      -926.4597        17.0020
      -906.5793        16.7876
      -886.6989        16.5787
      -866.8186        16.3668
      -846.9381        16.1631
      -827.0578        15.9541
      -807.1774        15.7558
      -787.2970        15.5552
      -767.4167        15.3576
      -747.5363        15.1625
      -727.6559        14.9694
      -707.7756        14.7798
      -687.8952        14.5920
      -668.0149        14.4080
      -648.1344        14.2263
      -628.2541        14.0481
      -608.3738        13.8732
      -588.4932        13.6964
      -568.6129        13.5335
      -548.7325        13.3650
      -528.8522        13.2080
      -508.9718        13.0487
      -489.0914        12.8973
      -469.2110        12.7481
      -449.3307        12.5992
      -429.4503        12.4637
      -409.5699        12.3265
      -389.6896        12.1906
      -369.8092        12.0710
      -349.9289        11.9483
      -330.0483        11.8280
      -310.1680        11.7235
      -290.2877        11.6177
      -270.4072        11.5155
      -250.5269        11.4244
      -230.6465        11.3376
      -210.7662        11.2554
      -190.8857        11.1781
      -171.0054        11.1062
      -151.1251        11.0475
      -131.2448        10.9921
      -111.3643        10.9426
       -91.4838        10.8994
       -71.6035        10.8628
       -51.7230        10.8329
       -31.8427        10.8099
       -11.9624        10.7941
         7.9180        10.7854
        27.7983        10.7841
        47.6788        10.7899
        67.5591        10.8031
        87.4394        10.8234
       107.3199        10.8506
       127.2001        10.8848
       147.0806        10.9255
       166.9610        10.9727
       186.8415        11.0260
       206.7217        11.0806
       226.6021        11.1505
       246.4826        11.2259
       266.3628        11.3064
       286.2433        11.3916
       306.1237        11.4786
       326.0039        11.5795
       345.8844        11.6841
       365.7648        11.7920
       385.6453        11.9039
       405.5255        12.0259
       425.4060        12.1501
       445.2864        12.2771
       465.1666        12.4140
       485.0471        12.5521
       504.9273        12.6947
       524.8077        12.8439
       544.6882        12.9919
       564.5684        13.1515
       584.4489        13.3105
       604.3291        13.4742
       624.2095        13.6420
       644.0900        13.8115
       663.9702        13.9872
       683.8507        14.1625
       703.7311        14.3452
       723.6113        14.5264
       743.4918        14.7153
       763.3723        14.9023
       783.2525        15.0966
       803.1332        15.2892
       823.0137        15.4883
       842.8939        15.6864
       862.7743        15.8895
       882.6545        16.0929
       902.5350        16.2994
       922.4155        16.5080
       942.2957        16.7147
       962.1761        16.9308
       982.0563        17.1426
      1001.9368        17.3607
      1021.8173        17.5773
      1041.6974        17.7970
      1061.5779        18.0182
      1081.4584        18.2378
      1101.3386        18.4646
      1121.2190        18.6887
      1141.0995        18.9160
      1160.9797        19.1443
      1180.8601        19.3712
      1200.7404        19.6042
      1220.6208        19.8351
      1240.5012        20.0648
      1260.3815        20.3028
      1280.2620        20.5363
      1300.1422        20.7737
      1320.0228        21.0108
      1339.9033        21.2468
      1359.7836        21.4881
      1379.6639        21.7275
      1399.5444        21.9659
      1419.4247        22.2106
      1439.3051        22.4522
      1459.1855        22.6928
      1479.0658        22.9404
      1498.9463        23.1842
      1518.8267        23.4302
      1538.7069        23.6770
      1558.5874        23.9227
      1578.4675        24.1711
      1598.3480        24.4197
      1618.2285        24.6673
      1638.1086        24.9177
      1657.9891        25.1680
      1677.8694        25.4175
      1697.7499        25.6695
      1717.6302        25.9215
      1737.5105        26.1727
      1757.3910        26.4261
      1777.2714        26.6797
      1797.1516        26.9325
      1817.0323        27.1871
      1836.9128        27.4422
      1856.7930        27.6965
      1876.6735        27.9501
      1896.5540        28.2086
      1916.4341        28.4644
      1936.3146        28.7194
      1956.1948        28.9787
      1976.0752        29.2358
      1995.9557        29.4922
