     -1980.1196        38.1747
     -1960.2391        37.8452
     -1940.3589        37.5159
     -1920.4785        37.1869
     -1900.5980        36.8582
     -1880.7178        36.5296
     -1860.8374        36.2000
     -1840.9569        35.8740
     -1821.0767        35.5482
     -1801.1963        35.2227
     -1781.3158        34.8975
     -1761.4354        34.5727
     -1741.5552        34.2481
     -1721.6747        33.9239
     -1701.7943        33.5994
     -1681.9141        33.2780
     -1662.0336        32.9570
     -1642.1532        32.6364
     -1622.2729        32.3161
     -1602.3925        31.9961
     -1582.5121        31.6765
     -1562.6317        31.3571
     -1542.7513        31.0409
     -1522.8710        30.7252
     -1502.9906        30.4098
     -1483.1102        30.0949
     -1463.2299        29.7803
     -1443.3495        29.4653
     -1423.4691        29.1546
     -1403.5886        28.8445
     -1383.7084        28.5348
     -1363.8279        28.2255
     -1343.9476        27.9168
     -1324.0673        27.6084
     -1304.1868        27.3041
     -1284.3064        27.0004
     -1264.4261        26.6973
     -1244.5457        26.3946
     -1224.6654        26.0916
     -1204.7850        25.7941
     -1184.9045        25.4973
     -1165.0240        25.2010
     -1145.1439        24.9053
     -1125.2634        24.6101
     -1105.3831        24.3204
     -1085.5028        24.0312
     -1065.6223        23.7425
     -1045.7418        23.4525
     -1025.8616        23.1706
     -1005.9812        22.8892
      -986.1008        22.6084
      -966.2205        22.3259
      -946.3400        22.0526
      -926.4597        21.7797
      -906.5793        21.5073
      -886.6989        21.2355
      -866.8186        20.9713
      -846.9381        20.7075
      -827.0578        20.4411
      -807.1774        20.1863
      -787.2970        19.9317
      -767.4167        19.6773
      -747.5363        19.4280
      -727.6559        19.1831
      -707.7756        18.9346
      -687.8952        18.6999
      -668.0149        18.4651
      -648.1344        18.2295
      -628.2541        18.0053
      -608.3738        17.7805
      -588.4932        17.5609
      -568.6129        17.3469
      -548.7325        17.1336
      -528.8522        16.9309
      -508.9718        16.7257
      -489.0914        16.5344
      -469.2110        16.3389
      -449.3307        16.1590
      -429.4503        15.9752
      -409.5699        15.8064
      -389.6896        15.6358
      -369.8092        15.4775
      -349.9289        15.3219
      -330.0483        15.1732
      -310.1680        15.0339
      -290.2877        14.8968
      -270.4072        14.7714
      -250.5269        14.6530
      -230.6465        14.5387
      -210.7662        14.4342
      -190.8857        14.3401
      -171.0054        14.2517
      -151.1251        14.1697
      -131.2448        14.0946
      -111.3643        14.0351
       -91.4838        13.9817
       -71.6035        13.9362
       -51.7230        13.8989
       -31.8427        13.8703
       -11.9624        13.8505
         7.9180        13.8397
        27.7983        13.8382
        47.6788        13.8458
        67.5591        13.8625
        87.4394        13.8881
       107.3199        13.9224
       127.2001        13.9652
       147.0806        14.0159
       166.9610        14.0706
       186.8415        14.1431
       206.7217        14.2228
       226.6021        14.3091
       246.4826        14.4013
       266.3628        14.5005
       286.2433        14.6133
       306.1237        14.7304
       326.0039        14.8504
       345.8844        14.9866
       365.7648        15.1252
       385.6453        15.2688
       405.5255        15.4242
       425.4060        15.5772
       445.2864        15.7481
       465.1666        15.9180
       485.0471        16.0964
       504.9273        16.2788
       524.8077        16.4679
       544.6882        16.6611
       564.5684        16.8613
       584.4489        17.0595
       604.3291        17.2747
       624.2095        17.4844
       644.0900        17.7062
       663.9702        17.9271
       683.8507        18.1540
       703.7311        18.3856
       723.6113        18.6168
       743.4918        18.8580
       763.3723        19.0995
       783.2525        19.3410
       803.1332        19.5935
       823.0137        19.8448
       842.8939        20.0963
       862.7743        20.3575
       882.6545        20.6182
       902.5350        20.8792
       922.4155        21.1469
       942.2957        21.4163
       962.1761        21.6862
       982.0563        21.9566
      1001.9368        22.2360
      1021.8173        22.5140
      1041.6974        22.7926
      1061.5779        23.0718
      1081.4584        23.3597
      1101.3386        23.6458
      1121.2190        23.9324
      1141.0995        24.2197
      1160.9797        24.5135
      1180.8601        24.8069
      1200.7404        25.1009
      1220.6208        25.3954
      1240.5012        25.6905
      1260.3815        25.9930
      1280.2620        26.2936
      1300.1422        26.5947
      1320.0228        26.8963
      1339.9033        27.1984
      1359.7836        27.5068
      1379.6639        27.8136
      1399.5444        28.1210
      1419.4247        28.4289
      1439.3051        28.7373
      1459.1855        29.0493
      1479.0658        29.3618
      1498.9463        29.6747
      1518.8267        29.9882
      1538.7069        30.3019
      1558.5874        30.6162
      1578.4675        30.9333
      1598.3480        31.2512
      1618.2285        31.5694
      1638.1086        31.8879
      1657.9891        32.2069
      1677.8694        32.5263
      1697.7499        32.8459
      1717.6302        33.1690
      1737.5105        33.4918
      1757.3910        33.8148
      1777.2714        34.1382
      1797.1516        34.4619
      1817.0323        34.7859
      1836.9128        35.1103
      1856.7930        35.4370
      1876.6735        35.7639
      1896.5540        36.0912
      1916.4341        36.4187
      1936.3146        36.7465
      1956.1948        37.0745
      1976.0752        37.4028
      1995.9557        37.7314
