 0.0000E+00 1.0000E+00
 3.7500E-01 1.0000E+00
 7.5000E-01 1.0000E+00
 1.1250E+00 1.0000E+00
 1.5000E+00 1.0000E+00
 1.8750E+00 1.0000E+00
 2.2500E+00 1.0000E+00
 2.6250E+00 1.0000E+00
 3.0000E+00 1.0000E+00
 3.3750E+00 1.0000E+00
 3.7500E+00 1.0000E+00
 4.1250E+00 1.0000E+00
 4.5000E+00 1.0000E+00
 4.8750E+00 1.0000E+00
 5.2500E+00 1.0000E+00
 5.6250E+00 1.0000E+00
 6.0000E+00 1.0000E+00
 6.3750E+00 1.0000E+00
 6.7500E+00 1.0000E+00
 7.1250E+00 1.0000E+00
 7.5000E+00 1.0000E+00
 7.8750E+00 1.0000E+00
 8.2500E+00 1.0000E+00
 8.6250E+00 1.0000E+00
 9.0000E+00 1.0000E+00
 9.3750E+00 1.0000E+00
 9.7500E+00 1.0000E+00
 1.0125E+01 1.0000E+00
 1.0500E+01 1.0000E+00
 1.0875E+01 1.0000E+00
 1.1250E+01 1.0000E+00
 1.1625E+01 1.0000E+00
 1.2000E+01 1.0000E+00
 1.2375E+01 1.0000E+00
 1.2750E+01 1.0000E+00
 1.3125E+01 1.0000E+00
 1.3500E+01 1.0000E+00
 1.3875E+01 1.0000E+00
 1.4250E+01 1.0000E+00
 1.4625E+01 1.0000E+00
 1.5000E+01 1.0000E+00
 1.5375E+01 1.0000E+00
 1.5750E+01 1.0000E+00
 1.6125E+01 1.0000E+00
 1.6500E+01 1.0000E+00
 1.6875E+01 1.0000E+00
 1.7250E+01 1.0000E+00
 1.7625E+01 1.0000E+00
 1.8000E+01 1.0000E+00
 1.8375E+01 1.0000E+00
 1.8750E+01 1.0000E+00
 1.9125E+01 1.0000E+00
 1.9500E+01 1.0000E+00
 1.9875E+01 1.0000E+00
 2.0250E+01 1.0000E+00
 2.0625E+01 1.0000E+00
 2.1000E+01 1.0000E+00
 2.1375E+01 1.0000E+00
 2.1750E+01 1.0000E+00
 2.2125E+01 1.0000E+00
 2.2500E+01 1.0000E+00
 2.2875E+01 1.0000E+00
 2.3250E+01 1.0000E+00
 2.3625E+01 1.0000E+00
 2.4000E+01 1.0000E+00
 2.4375E+01 1.0000E+00
 2.4750E+01 1.0000E+00
 2.5125E+01 1.0000E+00
 2.5500E+01 1.0000E+00
 2.5875E+01 1.0000E+00
 2.6250E+01 1.0000E+00
 2.6625E+01 1.0000E+00
 2.7000E+01 1.0000E+00
 2.7375E+01 1.0000E+00
 2.7750E+01 1.0000E+00
 2.8125E+01 1.0000E+00
 2.8500E+01 1.0000E+00
 2.8875E+01 1.0000E+00
 2.9250E+01 1.0000E+00
 2.9625E+01 1.0000E+00
 3.0000E+01 1.0000E+00
 3.0375E+01 1.0000E+00
 3.0750E+01 1.0000E+00
 3.1125E+01 1.0000E+00
 3.1500E+01 1.0000E+00
 3.1875E+01 1.0000E+00
 3.2250E+01 1.0000E+00
 3.2625E+01 1.0000E+00
 3.3000E+01 1.0000E+00
 3.3375E+01 1.0000E+00
 3.3750E+01 1.0000E+00
 3.4125E+01 1.0000E+00
 3.4500E+01 1.0000E+00
 3.4875E+01 1.0000E+00
 3.5250E+01 1.0000E+00
 3.5625E+01 1.0000E+00
 3.6000E+01 1.0000E+00
 3.6375E+01 1.0000E+00
 3.6750E+01 1.0000E+00
 3.7125E+01 1.0000E+00
 3.7500E+01 1.0000E+00
 3.7875E+01 1.0000E+00
 3.8250E+01 1.0000E+00
 3.8625E+01 1.0000E+00
 3.9000E+01 1.0000E+00
 3.9375E+01 1.0000E+00
 3.9750E+01 1.0000E+00
 4.0125E+01 1.0000E+00
 4.0500E+01 1.0000E+00
 4.0875E+01 1.0000E+00
 4.1250E+01 1.0000E+00
 4.1625E+01 1.0000E+00
 4.2000E+01 1.0000E+00
 4.2375E+01 1.0000E+00
 4.2750E+01 1.0000E+00
 4.3125E+01 1.0000E+00
 4.3500E+01 1.0000E+00
 4.3875E+01 1.0000E+00
 4.4250E+01 1.0000E+00
 4.4625E+01 1.0000E+00
 4.5000E+01 1.0000E+00
 4.5375E+01 1.0000E+00
 4.5750E+01 1.0000E+00
 4.6125E+01 1.0000E+00
 4.6500E+01 1.0000E+00
 4.6875E+01 1.0000E+00
 4.7250E+01 1.0000E+00
 4.7625E+01 1.0000E+00
 4.8000E+01 1.0000E+00
 4.8375E+01 1.0000E+00
 4.8750E+01 1.0000E+00
 4.9125E+01 1.0000E+00
 4.9500E+01 1.0000E+00
 4.9875E+01 1.0000E+00
 5.0250E+01 1.0000E+00
 5.0625E+01 1.0000E+00
 5.1000E+01 1.0000E+00
 5.1375E+01 1.0000E+00
 5.1750E+01 1.0000E+00
 5.2125E+01 1.0000E+00
 5.2500E+01 1.0000E+00
 5.2875E+01 1.0000E+00
 5.3250E+01 1.0000E+00
 5.3625E+01 1.0000E+00
 5.4000E+01 1.0000E+00
 5.4375E+01 1.0000E+00
 5.4750E+01 1.0000E+00
 5.5125E+01 1.0000E+00
 5.5500E+01 1.0000E+00
 5.5875E+01 1.0000E+00
 5.6250E+01 1.0000E+00
 5.6625E+01 1.0000E+00
 5.7000E+01 1.0000E+00
 5.7375E+01 1.0000E+00
 5.7750E+01 1.0000E+00
 5.8125E+01 1.0000E+00
 5.8500E+01 1.0000E+00
 5.8875E+01 1.0000E+00
 5.9250E+01 1.0000E+00
 5.9625E+01 1.0000E+00
 6.0000E+01 1.0000E+00
 6.0375E+01 1.0000E+00
 6.0750E+01 1.0000E+00
 6.1125E+01 1.0000E+00
 6.1500E+01 1.0000E+00
 6.1875E+01 1.0000E+00
 6.2250E+01 1.0000E+00
 6.2625E+01 1.0000E+00
 6.3000E+01 1.0000E+00
 6.3375E+01 1.0000E+00
 6.3750E+01 1.0000E+00
 6.4125E+01 1.0000E+00
 6.4500E+01 1.0000E+00
 6.4875E+01 1.0000E+00
 6.5250E+01 1.0000E+00
 6.5625E+01 1.0000E+00
 6.6000E+01 1.0000E+00
 6.6375E+01 1.0000E+00
 6.6750E+01 1.0000E+00
 6.7125E+01 1.0000E+00
 6.7500E+01 1.0000E+00
 6.7875E+01 1.0000E+00
 6.8250E+01 1.0000E+00
 6.8625E+01 1.0000E+00
 6.9000E+01 1.0000E+00
 6.9375E+01 1.0000E+00
 6.9750E+01 1.0000E+00
 7.0125E+01 1.0000E+00
 7.0500E+01 1.0000E+00
 7.0875E+01 1.0000E+00
 7.1250E+01 1.0000E+00
 7.1625E+01 1.0000E+00
 7.2000E+01 1.0000E+00
 7.2375E+01 1.0000E+00
 7.2750E+01 1.0000E+00
 7.3125E+01 1.0000E+00
 7.3500E+01 1.0000E+00
 7.3875E+01 1.0000E+00
 7.4250E+01 1.0000E+00
 7.4625E+01 1.0000E+00
 7.5000E+01 1.0000E+00
 7.5375E+01 1.0000E+00
 7.5750E+01 1.0000E+00
 7.6125E+01 1.0000E+00
 7.6500E+01 1.0000E+00
 7.6875E+01 1.0000E+00
 7.7250E+01 1.0000E+00
 7.7625E+01 1.0000E+00
 7.8000E+01 1.0000E+00
 7.8375E+01 1.0000E+00
 7.8750E+01 1.0000E+00
 7.9125E+01 1.0000E+00
 7.9500E+01 1.0000E+00
 7.9875E+01 1.0000E+00
 8.0250E+01 1.0000E+00
 8.0625E+01 1.0000E+00
 8.1000E+01 1.0000E+00
 8.1375E+01 1.0000E+00
 8.1750E+01 1.0000E+00
 8.2125E+01 1.0000E+00
 8.2500E+01 1.0000E+00
 8.2875E+01 1.0000E+00
 8.3250E+01 1.0000E+00
 8.3625E+01 1.0000E+00
 8.4000E+01 1.0000E+00
 8.4375E+01 1.0000E+00
 8.4750E+01 1.0000E+00
 8.5125E+01 1.0000E+00
 8.5500E+01 1.0000E+00
 8.5875E+01 1.0000E+00
 8.6250E+01 1.0000E+00
 8.6625E+01 1.0000E+00
 8.7000E+01 1.0000E+00
 8.7375E+01 1.0000E+00
 8.7750E+01 1.0000E+00
 8.8125E+01 1.0000E+00
 8.8500E+01 1.0000E+00
 8.8875E+01 1.0000E+00
 8.9250E+01 1.0000E+00
 8.9625E+01 1.0000E+00
 9.0000E+01 1.0000E+00
 9.0375E+01 1.0000E+00
 9.0750E+01 1.0000E+00
 9.1125E+01 1.0000E+00
 9.1500E+01 1.0000E+00
 9.1875E+01 1.0000E+00
 9.2250E+01 1.0000E+00
 9.2625E+01 1.0000E+00
 9.3000E+01 1.0000E+00
 9.3375E+01 1.0000E+00
 9.3750E+01 1.0000E+00
 9.4125E+01 1.0000E+00
 9.4500E+01 1.0000E+00
 9.4875E+01 1.0000E+00
 9.5250E+01 1.0000E+00
 9.5625E+01 1.0000E+00
 9.6000E+01 1.0000E+00
 9.6375E+01 1.0000E+00
 9.6750E+01 1.0000E+00
 9.7125E+01 1.0000E+00
 9.7500E+01 1.0000E+00
 9.7875E+01 1.0000E+00
 9.8250E+01 1.0000E+00
 9.8625E+01 1.0000E+00
 9.9000E+01 1.0000E+00
 9.9375E+01 1.0000E+00
 9.9750E+01 1.0000E+00
 1.0012E+02 1.0000E+00
 1.0050E+02 1.0000E+00
 1.0088E+02 1.0000E+00
 1.0125E+02 1.0000E+00
 1.0162E+02 1.0000E+00
 1.0200E+02 1.0000E+00
 1.0238E+02 1.0000E+00
 1.0275E+02 1.0000E+00
 1.0313E+02 1.0000E+00
 1.0350E+02 1.0000E+00
 1.0388E+02 1.0000E+00
 1.0425E+02 1.0000E+00
 1.0462E+02 1.0000E+00
 1.0500E+02 1.0000E+00
 1.0538E+02 1.0000E+00
 1.0575E+02 1.0000E+00
 1.0612E+02 1.0000E+00
 1.0650E+02 1.0000E+00
 1.0688E+02 1.0000E+00
 1.0725E+02 1.0000E+00
 1.0763E+02 1.0000E+00
 1.0800E+02 1.0000E+00
 1.0838E+02 1.0000E+00
 1.0875E+02 1.0000E+00
 1.0912E+02 1.0000E+00
 1.0950E+02 1.0000E+00
 1.0988E+02 1.0000E+00
 1.1025E+02 1.0000E+00
 1.1062E+02 1.0000E+00
 1.1100E+02 1.0000E+00
 1.1138E+02 1.0000E+00
 1.1175E+02 1.0000E+00
 1.1212E+02 1.0000E+00
 1.1250E+02 1.0000E+00
 1.1288E+02 1.0000E+00
 1.1325E+02 1.0000E+00
 1.1363E+02 1.0000E+00
 1.1400E+02 1.0000E+00
 1.1438E+02 1.0000E+00
 1.1475E+02 1.0000E+00
 1.1512E+02 1.0000E+00
 1.1550E+02 1.0000E+00
 1.1588E+02 1.0000E+00
 1.1625E+02 1.0000E+00
 1.1662E+02 1.0000E+00
 1.1700E+02 1.0000E+00
 1.1738E+02 1.0000E+00
 1.1775E+02 1.0000E+00
 1.1813E+02 1.0000E+00
 1.1850E+02 1.0000E+00
 1.1888E+02 1.0000E+00
 1.1925E+02 1.0000E+00
 1.1962E+02 1.0000E+00
 1.2000E+02 1.0000E+00
 1.2038E+02 1.0000E+00
 1.2075E+02 1.0000E+00
 1.2112E+02 1.0000E+00
 1.2150E+02 1.0000E+00
 1.2188E+02 1.0000E+00
 1.2225E+02 1.0000E+00
 1.2263E+02 1.0000E+00
 1.2300E+02 1.0000E+00
 1.2338E+02 1.0000E+00
 1.2375E+02 1.0000E+00
 1.2412E+02 1.0000E+00
 1.2450E+02 1.0000E+00
 1.2488E+02 1.0000E+00
 1.2525E+02 1.0000E+00
 1.2562E+02 1.0000E+00
 1.2600E+02 1.0000E+00
 1.2638E+02 1.0000E+00
 1.2675E+02 1.0000E+00
 1.2712E+02 1.0000E+00
 1.2750E+02 1.0000E+00
 1.2788E+02 1.0000E+00
 1.2825E+02 1.0000E+00
 1.2862E+02 1.0000E+00
 1.2900E+02 1.0000E+00
 1.2938E+02 1.0000E+00
 1.2975E+02 1.0000E+00
 1.3012E+02 1.0000E+00
 1.3050E+02 1.0000E+00
 1.3088E+02 1.0000E+00
 1.3125E+02 1.0000E+00
 1.3163E+02 1.0000E+00
 1.3200E+02 1.0000E+00
 1.3238E+02 1.0000E+00
 1.3275E+02 1.0000E+00
 1.3312E+02 1.0000E+00
 1.3350E+02 1.0000E+00
 1.3388E+02 1.0000E+00
 1.3425E+02 1.0000E+00
 1.3462E+02 1.0000E+00
 1.3500E+02 1.0000E+00
 1.3538E+02 1.0000E+00
 1.3575E+02 1.0000E+00
 1.3613E+02 1.0000E+00
 1.3650E+02 1.0000E+00
 1.3688E+02 1.0000E+00
 1.3725E+02 1.0000E+00
 1.3762E+02 1.0000E+00
 1.3800E+02 1.0000E+00
 1.3838E+02 1.0000E+00
 1.3875E+02 1.0000E+00
 1.3912E+02 1.0000E+00
 1.3950E+02 1.0000E+00
 1.3988E+02 1.0000E+00
 1.4025E+02 1.0000E+00
 1.4063E+02 1.0000E+00
 1.4100E+02 1.0000E+00
 1.4138E+02 1.0000E+00
 1.4175E+02 1.0000E+00
 1.4212E+02 1.0000E+00
 1.4250E+02 1.0000E+00
 1.4288E+02 1.0000E+00
 1.4325E+02 1.0000E+00
 1.4362E+02 1.0000E+00
 1.4400E+02 1.0000E+00
 1.4438E+02 1.0000E+00
 1.4475E+02 1.0000E+00
 1.4512E+02 1.0000E+00
 1.4550E+02 1.0000E+00
 1.4588E+02 1.0000E+00
 1.4625E+02 1.0000E+00
 1.4662E+02 1.0000E+00
 1.4700E+02 1.0000E+00
 1.4738E+02 1.0000E+00
 1.4775E+02 1.0000E+00
 1.4812E+02 1.0000E+00
 1.4850E+02 1.0000E+00
 1.4888E+02 1.0000E+00
 1.4925E+02 1.0000E+00
 1.4962E+02 1.0000E+00
 1.5000E+02 1.0000E+00
