-1.9801E+03 2.7359E+01
-1.9602E+03 2.7124E+01
-1.9404E+03 2.6889E+01
-1.9205E+03 2.6654E+01
-1.9006E+03 2.6420E+01
-1.8807E+03 2.6186E+01
-1.8608E+03 2.5952E+01
-1.8410E+03 2.5719E+01
-1.8211E+03 2.5486E+01
-1.8012E+03 2.5253E+01
-1.7813E+03 2.5021E+01
-1.7614E+03 2.4790E+01
-1.7416E+03 2.4558E+01
-1.7217E+03 2.4328E+01
-1.7018E+03 2.4097E+01
-1.6819E+03 2.3867E+01
-1.6620E+03 2.3638E+01
-1.6422E+03 2.3409E+01
-1.6223E+03 2.3180E+01
-1.6024E+03 2.2952E+01
-1.5825E+03 2.2725E+01
-1.5626E+03 2.2498E+01
-1.5428E+03 2.2272E+01
-1.5229E+03 2.2046E+01
-1.5030E+03 2.1821E+01
-1.4831E+03 2.1596E+01
-1.4632E+03 2.1372E+01
-1.4433E+03 2.1149E+01
-1.4235E+03 2.0927E+01
-1.4036E+03 2.0705E+01
-1.3837E+03 2.0484E+01
-1.3638E+03 2.0263E+01
-1.3439E+03 2.0043E+01
-1.3241E+03 1.9825E+01
-1.3042E+03 1.9607E+01
-1.2843E+03 1.9389E+01
-1.2644E+03 1.9173E+01
-1.2445E+03 1.8958E+01
-1.2247E+03 1.8743E+01
-1.2048E+03 1.8530E+01
-1.1849E+03 1.8317E+01
-1.1650E+03 1.8106E+01
-1.1451E+03 1.7896E+01
-1.1253E+03 1.7687E+01
-1.1054E+03 1.7478E+01
-1.0855E+03 1.7272E+01
-1.0656E+03 1.7066E+01
-1.0457E+03 1.6862E+01
-1.0259E+03 1.6659E+01
-1.0060E+03 1.6457E+01
-9.8610E+02 1.6257E+01
-9.6622E+02 1.6058E+01
-9.4634E+02 1.5861E+01
-9.2646E+02 1.5666E+01
-9.0658E+02 1.5472E+01
-8.8670E+02 1.5280E+01
-8.6682E+02 1.5089E+01
-8.4694E+02 1.4901E+01
-8.2706E+02 1.4714E+01
-8.0718E+02 1.4530E+01
-7.8730E+02 1.4347E+01
-7.6742E+02 1.4167E+01
-7.4754E+02 1.3989E+01
-7.2766E+02 1.3813E+01
-7.0778E+02 1.3640E+01
-6.8790E+02 1.3469E+01
-6.6801E+02 1.3301E+01
-6.4813E+02 1.3136E+01
-6.2825E+02 1.2973E+01
-6.0837E+02 1.2814E+01
-5.8849E+02 1.2657E+01
-5.6861E+02 1.2504E+01
-5.4873E+02 1.2354E+01
-5.2885E+02 1.2207E+01
-5.0897E+02 1.2064E+01
-4.8909E+02 1.1924E+01
-4.6921E+02 1.1788E+01
-4.4933E+02 1.1656E+01
-4.2945E+02 1.1528E+01
-4.0957E+02 1.1405E+01
-3.8969E+02 1.1285E+01
-3.6981E+02 1.1170E+01
-3.4993E+02 1.1060E+01
-3.3005E+02 1.0955E+01
-3.1017E+02 1.0854E+01
-2.9029E+02 1.0758E+01
-2.7041E+02 1.0667E+01
-2.5053E+02 1.0582E+01
-2.3065E+02 1.0502E+01
-2.1077E+02 1.0428E+01
-1.9089E+02 1.0359E+01
-1.7101E+02 1.0296E+01
-1.5113E+02 1.0239E+01
-1.3124E+02 1.0188E+01
-1.1136E+02 1.0143E+01
-9.1484E+01 1.0104E+01
-7.1603E+01 1.0071E+01
-5.1723E+01 1.0044E+01
-3.1843E+01 1.0024E+01
-1.1962E+01 1.0010E+01
 7.9180E+00 1.0003E+01
 2.7798E+01 1.0002E+01
 4.7679E+01 1.0007E+01
 6.7559E+01 1.0019E+01
 8.7439E+01 1.0037E+01
 1.0732E+02 1.0061E+01
 1.2720E+02 1.0092E+01
 1.4708E+02 1.0129E+01
 1.6696E+02 1.0172E+01
 1.8684E+02 1.0221E+01
 2.0672E+02 1.0276E+01
 2.2660E+02 1.0337E+01
 2.4648E+02 1.0404E+01
 2.6636E+02 1.0476E+01
 2.8624E+02 1.0554E+01
 3.0612E+02 1.0638E+01
 3.2600E+02 1.0727E+01
 3.4588E+02 1.0821E+01
 3.6576E+02 1.0920E+01
 3.8565E+02 1.1024E+01
 4.0553E+02 1.1132E+01
 4.2541E+02 1.1246E+01
 4.4529E+02 1.1364E+01
 4.6517E+02 1.1486E+01
 4.8505E+02 1.1612E+01
 5.0493E+02 1.1743E+01
 5.2481E+02 1.1877E+01
 5.4469E+02 1.2016E+01
 5.6457E+02 1.2158E+01
 5.8445E+02 1.2303E+01
 6.0433E+02 1.2452E+01
 6.2421E+02 1.2605E+01
 6.4409E+02 1.2760E+01
 6.6397E+02 1.2919E+01
 6.8385E+02 1.3080E+01
 7.0373E+02 1.3245E+01
 7.2361E+02 1.3412E+01
 7.4349E+02 1.3582E+01
 7.6337E+02 1.3754E+01
 7.8325E+02 1.3929E+01
 8.0313E+02 1.4106E+01
 8.2301E+02 1.4286E+01
 8.4289E+02 1.4467E+01
 8.6277E+02 1.4651E+01
 8.8265E+02 1.4837E+01
 9.0253E+02 1.5025E+01
 9.2242E+02 1.5215E+01
 9.4230E+02 1.5406E+01
 9.6218E+02 1.5599E+01
 9.8206E+02 1.5794E+01
 1.0019E+03 1.5991E+01
 1.0218E+03 1.6189E+01
 1.0417E+03 1.6389E+01
 1.0616E+03 1.6590E+01
 1.0815E+03 1.6792E+01
 1.1013E+03 1.6996E+01
 1.1212E+03 1.7201E+01
 1.1411E+03 1.7408E+01
 1.1610E+03 1.7616E+01
 1.1809E+03 1.7824E+01
 1.2007E+03 1.8034E+01
 1.2206E+03 1.8245E+01
 1.2405E+03 1.8457E+01
 1.2604E+03 1.8671E+01
 1.2803E+03 1.8885E+01
 1.3001E+03 1.9100E+01
 1.3200E+03 1.9316E+01
 1.3399E+03 1.9533E+01
 1.3598E+03 1.9750E+01
 1.3797E+03 1.9969E+01
 1.3995E+03 2.0188E+01
 1.4194E+03 2.0408E+01
 1.4393E+03 2.0629E+01
 1.4592E+03 2.0851E+01
 1.4791E+03 2.1073E+01
 1.4989E+03 2.1296E+01
 1.5188E+03 2.1520E+01
 1.5387E+03 2.1744E+01
 1.5586E+03 2.1969E+01
 1.5785E+03 2.2195E+01
 1.5983E+03 2.2421E+01
 1.6182E+03 2.2647E+01
 1.6381E+03 2.2875E+01
 1.6580E+03 2.3103E+01
 1.6779E+03 2.3331E+01
 1.6977E+03 2.3560E+01
 1.7176E+03 2.3789E+01
 1.7375E+03 2.4019E+01
 1.7574E+03 2.4249E+01
 1.7773E+03 2.4480E+01
 1.7972E+03 2.4711E+01
 1.8170E+03 2.4942E+01
 1.8369E+03 2.5174E+01
 1.8568E+03 2.5407E+01
 1.8767E+03 2.5639E+01
 1.8966E+03 2.5873E+01
 1.9164E+03 2.6106E+01
 1.9363E+03 2.6340E+01
 1.9562E+03 2.6574E+01
 1.9761E+03 2.6809E+01
 1.9960E+03 2.7044E+01
