-1.9801E+03 2.9830E+01
-1.9602E+03 2.9574E+01
-1.9404E+03 2.9316E+01
-1.9205E+03 2.9058E+01
-1.9006E+03 2.8801E+01
-1.8807E+03 2.8545E+01
-1.8608E+03 2.8288E+01
-1.8410E+03 2.8031E+01
-1.8211E+03 2.7777E+01
-1.8012E+03 2.7522E+01
-1.7813E+03 2.7266E+01
-1.7614E+03 2.7013E+01
-1.7416E+03 2.6759E+01
-1.7217E+03 2.6504E+01
-1.7018E+03 2.6253E+01
-1.6819E+03 2.6001E+01
-1.6620E+03 2.5747E+01
-1.6422E+03 2.5497E+01
-1.6223E+03 2.5247E+01
-1.6024E+03 2.4995E+01
-1.5825E+03 2.4747E+01
-1.5626E+03 2.4498E+01
-1.5428E+03 2.4248E+01
-1.5229E+03 2.4002E+01
-1.5030E+03 2.3755E+01
-1.4831E+03 2.3507E+01
-1.4632E+03 2.3263E+01
-1.4433E+03 2.3018E+01
-1.4235E+03 2.2772E+01
-1.4036E+03 2.2530E+01
-1.3837E+03 2.2287E+01
-1.3638E+03 2.2045E+01
-1.3439E+03 2.1805E+01
-1.3241E+03 2.1561E+01
-1.3042E+03 2.1325E+01
-1.2843E+03 2.1087E+01
-1.2644E+03 2.0847E+01
-1.2445E+03 2.0613E+01
-1.2247E+03 2.0378E+01
-1.2048E+03 2.0142E+01
-1.1849E+03 1.9911E+01
-1.1650E+03 1.9679E+01
-1.1451E+03 1.9448E+01
-1.1253E+03 1.9219E+01
-1.1054E+03 1.8988E+01
-1.0855E+03 1.8764E+01
-1.0656E+03 1.8538E+01
-1.0457E+03 1.8313E+01
-1.0259E+03 1.8092E+01
-1.0060E+03 1.7868E+01
-9.8610E+02 1.7651E+01
-9.6622E+02 1.7432E+01
-9.4634E+02 1.7216E+01
-9.2646E+02 1.7002E+01
-9.0658E+02 1.6788E+01
-8.8670E+02 1.6579E+01
-8.6682E+02 1.6367E+01
-8.4694E+02 1.6163E+01
-8.2706E+02 1.5954E+01
-8.0718E+02 1.5756E+01
-7.8730E+02 1.5555E+01
-7.6742E+02 1.5358E+01
-7.4754E+02 1.5162E+01
-7.2766E+02 1.4969E+01
-7.0778E+02 1.4780E+01
-6.8790E+02 1.4592E+01
-6.6801E+02 1.4408E+01
-6.4813E+02 1.4226E+01
-6.2825E+02 1.4048E+01
-6.0837E+02 1.3873E+01
-5.8849E+02 1.3696E+01
-5.6861E+02 1.3533E+01
-5.4873E+02 1.3365E+01
-5.2885E+02 1.3208E+01
-5.0897E+02 1.3049E+01
-4.8909E+02 1.2897E+01
-4.6921E+02 1.2748E+01
-4.4933E+02 1.2599E+01
-4.2945E+02 1.2464E+01
-4.0957E+02 1.2327E+01
-3.8969E+02 1.2191E+01
-3.6981E+02 1.2071E+01
-3.4993E+02 1.1948E+01
-3.3005E+02 1.1828E+01
-3.1017E+02 1.1723E+01
-2.9029E+02 1.1618E+01
-2.7041E+02 1.1516E+01
-2.5053E+02 1.1424E+01
-2.3065E+02 1.1338E+01
-2.1077E+02 1.1255E+01
-1.9089E+02 1.1178E+01
-1.7101E+02 1.1106E+01
-1.5113E+02 1.1048E+01
-1.3124E+02 1.0992E+01
-1.1136E+02 1.0943E+01
-9.1484E+01 1.0899E+01
-7.1603E+01 1.0863E+01
-5.1723E+01 1.0833E+01
-3.1843E+01 1.0810E+01
-1.1962E+01 1.0794E+01
 7.9180E+00 1.0785E+01
 2.7798E+01 1.0784E+01
 4.7679E+01 1.0790E+01
 6.7559E+01 1.0803E+01
 8.7439E+01 1.0823E+01
 1.0732E+02 1.0851E+01
 1.2720E+02 1.0885E+01
 1.4708E+02 1.0926E+01
 1.6696E+02 1.0973E+01
 1.8684E+02 1.1026E+01
 2.0672E+02 1.1081E+01
 2.2660E+02 1.1151E+01
 2.4648E+02 1.1226E+01
 2.6636E+02 1.1306E+01
 2.8624E+02 1.1392E+01
 3.0612E+02 1.1479E+01
 3.2600E+02 1.1580E+01
 3.4588E+02 1.1684E+01
 3.6576E+02 1.1792E+01
 3.8565E+02 1.1904E+01
 4.0553E+02 1.2026E+01
 4.2541E+02 1.2150E+01
 4.4529E+02 1.2277E+01
 4.6517E+02 1.2414E+01
 4.8505E+02 1.2552E+01
 5.0493E+02 1.2695E+01
 5.2481E+02 1.2844E+01
 5.4469E+02 1.2992E+01
 5.6457E+02 1.3151E+01
 5.8445E+02 1.3311E+01
 6.0433E+02 1.3474E+01
 6.2421E+02 1.3642E+01
 6.4409E+02 1.3811E+01
 6.6397E+02 1.3987E+01
 6.8385E+02 1.4162E+01
 7.0373E+02 1.4345E+01
 7.2361E+02 1.4526E+01
 7.4349E+02 1.4715E+01
 7.6337E+02 1.4902E+01
 7.8325E+02 1.5097E+01
 8.0313E+02 1.5289E+01
 8.2301E+02 1.5488E+01
 8.4289E+02 1.5686E+01
 8.6277E+02 1.5889E+01
 8.8265E+02 1.6093E+01
 9.0253E+02 1.6299E+01
 9.2242E+02 1.6508E+01
 9.4230E+02 1.6715E+01
 9.6218E+02 1.6931E+01
 9.8206E+02 1.7143E+01
 1.0019E+03 1.7361E+01
 1.0218E+03 1.7577E+01
 1.0417E+03 1.7797E+01
 1.0616E+03 1.8018E+01
 1.0815E+03 1.8238E+01
 1.1013E+03 1.8465E+01
 1.1212E+03 1.8689E+01
 1.1411E+03 1.8916E+01
 1.1610E+03 1.9144E+01
 1.1809E+03 1.9371E+01
 1.2007E+03 1.9604E+01
 1.2206E+03 1.9835E+01
 1.2405E+03 2.0065E+01
 1.2604E+03 2.0303E+01
 1.2803E+03 2.0536E+01
 1.3001E+03 2.0774E+01
 1.3200E+03 2.1011E+01
 1.3399E+03 2.1247E+01
 1.3598E+03 2.1488E+01
 1.3797E+03 2.1728E+01
 1.3995E+03 2.1966E+01
 1.4194E+03 2.2211E+01
 1.4393E+03 2.2452E+01
 1.4592E+03 2.2693E+01
 1.4791E+03 2.2940E+01
 1.4989E+03 2.3184E+01
 1.5188E+03 2.3430E+01
 1.5387E+03 2.3677E+01
 1.5586E+03 2.3923E+01
 1.5785E+03 2.4171E+01
 1.5983E+03 2.4420E+01
 1.6182E+03 2.4667E+01
 1.6381E+03 2.4918E+01
 1.6580E+03 2.5168E+01
 1.6779E+03 2.5418E+01
 1.6977E+03 2.5669E+01
 1.7176E+03 2.5922E+01
 1.7375E+03 2.6173E+01
 1.7574E+03 2.6426E+01
 1.7773E+03 2.6680E+01
 1.7972E+03 2.6933E+01
 1.8170E+03 2.7187E+01
 1.8369E+03 2.7442E+01
 1.8568E+03 2.7697E+01
 1.8767E+03 2.7950E+01
 1.8966E+03 2.8209E+01
 1.9164E+03 2.8464E+01
 1.9363E+03 2.8719E+01
 1.9562E+03 2.8979E+01
 1.9761E+03 2.9236E+01
 1.9960E+03 2.9492E+01
