      -190.0000         5.8672
      -180.0000         5.7534
      -170.0000         5.6722
      -160.0000         5.5736
      -150.0000         5.4776
      -140.0000         5.3836
      -130.0000         5.2917
      -120.0000         5.2292
      -110.0000         5.1540
      -100.0000         5.0824
       -90.0000         5.0150
       -80.0000         4.9521
       -70.0000         4.8941
       -60.0000         4.8414
       -50.0000         4.7945
       -40.0000         4.7537
       -30.0000         4.7465
       -20.0000         4.7229
       -10.0000         4.7056
         0.0000         4.6947
        10.0000         4.6904
        20.0000         4.6926
        30.0000         4.7013
        40.0000         4.7165
        50.0000         4.7380
        60.0000         4.7418
        70.0000         4.7805
        80.0000         4.8256
        90.0000         4.8766
       100.0000         4.9330
       110.0000         4.9946
       120.0000         5.0609
       130.0000         5.1314
       140.0000         5.2059
       150.0000         5.2648
       160.0000         5.3567
       170.0000         5.4511
       180.0000         5.5477
       190.0000         5.6464
       200.0000         5.7468
       210.0000         5.8390
       220.0000         5.9539
       230.0000         6.0692
       240.0000         6.1849
       250.0000         6.2868
       260.0000         6.4155
       270.0000         6.5435
       280.0000         6.6709
       290.0000         6.7841
       300.0000         6.9227
       310.0000         7.0598
       320.0000         7.1956
       330.0000         7.3205
       340.0000         7.4660
       350.0000         7.6094
       360.0000         7.7349
       370.0000         7.8874
       380.0000         8.0373
       390.0000         8.1849
       400.0001         8.3222
       410.0000         8.4775
       420.0000         8.6302
       430.0000         8.7688
       440.0000         8.9286
       450.0000         9.0855
       460.0000         9.2400
       470.0000         9.3891
       480.0000         9.5496
       490.0000         9.7074
       500.0000         9.8580
       510.0001        10.0214
       520.0000        10.1820
       530.0000        10.3340
       540.0001        10.4998
       549.9999        10.6628
       559.9999        10.8163
       570.0000        10.9842
       580.0000        11.1491
       590.0001        11.3042
       600.0001        11.4737
       610.0001        11.6403
       620.0001        11.7969
       630.0000        11.9677
       640.0000        12.1357
       650.0001        12.2938
       659.9999        12.4658
       670.0000        12.6350
       680.0000        12.7946
       690.0000        12.9674
       700.0001        13.1375
       710.0001        13.2986
       720.0001        13.4722
       730.0001        13.6431
       740.0000        13.8055
       750.0001        13.9798
       760.0001        14.1513
       769.9999        14.3151
       780.0000        14.4899
       790.0000        14.6620
       800.0001        14.8271
       810.0001        15.0022
       820.0001        15.1747
       830.0001        15.3411
       840.0000        15.5165
       850.0000        15.6894
       860.0001        15.8570
       870.0001        16.0326
       880.0001        16.2059
       890.0001        16.3746
       900.0000        16.5504
       910.0001        16.7239
       920.0001        16.8937
       930.0001        17.0697
       940.0000        17.2434
       950.0000        17.4142
       960.0001        17.5903
       970.0001        17.7576
       980.0001        17.9360
       990.0001        18.1121
      1000.0001        18.2806
      1010.0001        18.4589
      1020.0001        18.6350
      1030.0001        18.8046
      1040.0000        18.9829
      1050.0000        19.1590
      1060.0000        19.3296
      1070.0000        19.5078
      1080.0001        19.6839
      1090.0001        19.8555
      1100.0001        20.0336
      1110.0001        20.2097
      1120.0000        20.3822
      1130.0001        20.5602
      1140.0000        20.7362
      1150.0001        20.9096
      1160.0000        21.0875
      1170.0001        21.2580
      1180.0001        21.4378
      1190.0000        21.6155
      1200.0001        21.7870
      1210.0000        21.9665
      1220.0001        22.1442
      1230.0000        22.3165
      1240.0001        22.4959
      1250.0000        22.6734
      1260.0001        22.8466
      1270.0000        23.0258
      1280.0000        23.2032
      1290.0001        23.3772
