      -190.0000         7.1904
      -180.0000         7.0635
      -170.0000         6.9368
      -160.0000         6.8103
      -150.0000         6.7091
      -140.0000         6.6026
      -130.0000         6.4984
      -120.0000         6.3966
      -110.0000         6.2976
      -100.0000         6.2262
       -90.0000         6.1489
       -80.0000         6.0763
       -70.0000         6.0090
       -60.0000         5.9476
       -50.0000         5.8927
       -40.0000         5.8448
       -30.0000         5.8045
       -20.0000         5.7722
       -10.0000         5.7484
         0.0000         5.7334
        10.0000         5.7494
        20.0000         5.7306
        30.0000         5.7428
        40.0000         5.7639
        50.0000         5.7936
        60.0000         5.8316
        70.0000         5.8773
        80.0000         5.9303
        90.0000         5.9899
       100.0000         6.0557
       110.0000         6.1270
       120.0000         6.2034
       130.0000         6.2701
       140.0000         6.3689
       150.0000         6.4709
       160.0000         6.5755
       170.0000         6.6824
       180.0000         6.7793
       190.0000         6.9063
       200.0000         7.0335
       210.0000         7.1609
       220.0000         7.2767
       230.0000         7.4217
       240.0000         7.5650
       250.0000         7.7069
       260.0000         7.8443
       270.0000         8.0008
       280.0000         8.1545
       290.0000         8.2978
       300.0000         8.4647
       310.0000         8.6279
       320.0000         8.7781
       330.0000         8.9531
       340.0000         9.1236
       350.0000         9.2814
       360.0000         9.4622
       370.0000         9.6382
       380.0000         9.8037
       390.0000         9.9888
       400.0001        10.1689
       410.0000        10.3420
       420.0000        10.5300
       430.0000        10.7130
       440.0000        10.8934
       450.0000        11.0834
       460.0000        11.2590
       470.0000        11.4557
       480.0000        11.6470
       490.0000        11.8300
       500.0000        12.0271
       510.0001        12.2190
       520.0000        12.4089
       530.0000        12.6061
       540.0001        12.7923
       549.9999        12.9945
       559.9999        13.1913
       570.0000        13.3842
       580.0000        13.5856
       590.0001        13.7752
       600.0001        13.9808
       610.0001        14.1812
       620.0001        14.3772
       630.0000        14.5815
       640.0000        14.7745
       650.0001        14.9826
       659.9999        15.1854
       670.0000        15.3844
       680.0000        15.5908
       690.0000        15.7871
       700.0001        15.9967
       710.0001        16.2013
       720.0001        16.4033
       730.0001        16.6109
       740.0000        16.8104
       750.0001        17.0210
       760.0001        17.2269
       769.9999        17.4316
       780.0000        17.6401
       790.0000        17.8426
       800.0001        18.0537
       810.0001        18.2540
       820.0001        18.4677
       830.0001        18.6767
       840.0000        18.8820
       850.0000        19.0934
       860.0001        19.2966
       870.0001        19.5102
       880.0001        19.7195
       890.0001        19.9274
       900.0000        20.1388
       910.0001        20.3448
       920.0001        20.5582
       930.0001        20.7624
       940.0000        20.9778
       950.0000        21.1891
       960.0001        21.3976
       970.0001        21.6107
       980.0001        21.8175
       990.0001        22.0325
      1000.0001        22.2435
      1010.0001        22.4544
      1020.0001        22.6671
      1030.0001        22.8763
      1040.0000        23.0908
      1050.0000        23.2984
      1060.0000        23.5145
      1070.0000        23.7268
      1080.0001        23.9383
      1090.0001        24.1521
      1100.0001        24.3621
      1110.0001        24.5775
      1120.0000        24.7859
      1130.0001        25.0029
      1140.0000        25.2162
      1150.0001        25.4282
      1160.0000        25.6430
      1170.0001        25.8536
      1180.0001        26.0698
      1190.0000        26.2790
      1200.0001        26.4966
      1210.0000        26.7106
      1220.0001        26.9233
      1230.0000        27.1387
      1240.0001        27.3500
      1250.0000        27.5667
      1260.0001        27.7768
      1270.0000        27.9947
      1280.0000        28.2094
      1290.0001        28.4227
