      -190.0000         7.8170
      -180.0000         7.6895
      -170.0000         7.5572
      -160.0000         7.4247
      -150.0000         7.2919
      -140.0000         7.1882
      -130.0000         7.0784
      -120.0000         6.9710
      -110.0000         6.8662
      -100.0000         6.7647
       -90.0000         6.6961
       -80.0000         6.6191
       -70.0000         6.5475
       -60.0000         6.4820
       -50.0000         6.4232
       -40.0000         6.3718
       -30.0000         6.3285
       -20.0000         6.2938
       -10.0000         6.2681
         0.0000         6.2520
        10.0000         6.2456
        20.0000         6.2491
        30.0000         6.2623
        40.0000         6.2852
        50.0000         6.3173
        60.0000         6.3582
        70.0000         6.4074
        80.0000         6.4642
        90.0000         6.5281
       100.0000         6.5983
       110.0000         6.6741
       120.0000         6.7375
       130.0000         6.8387
       140.0000         6.9435
       150.0000         7.0512
       160.0000         7.1615
       170.0000         7.2606
       180.0000         7.3935
       190.0000         7.5265
       200.0000         7.6593
       210.0000         7.7825
       220.0000         7.9349
       230.0000         8.0852
       240.0000         8.2333
       250.0000         8.3836
       260.0000         8.5478
       270.0000         8.7084
       280.0000         8.8679
       290.0000         9.0426
       300.0000         9.2128
       310.0000         9.3825
       320.0000         9.5649
       330.0000         9.7421
       340.0000         9.9223
       350.0000        10.1101
       360.0000        10.2852
       370.0000        10.4828
       380.0000        10.6740
       390.0000        10.8604
       400.0001        11.0601
       410.0000        11.2427
       420.0000        11.4504
       430.0000        11.6510
       440.0000        11.8447
       450.0000        12.0522
       460.0000        12.2430
       470.0000        12.4568
       480.0000        12.6634
       490.0000        12.8648
       500.0000        13.0769
       510.0001        13.2760
       520.0000        13.4933
       530.0000        13.7035
       540.0001        13.9123
       549.9999        14.1271
       559.9999        14.3339
       570.0000        14.5529
       580.0000        14.7579
       590.0001        14.9809
       600.0001        15.1969
       610.0001        15.4109
       620.0001        15.6304
       630.0000        15.8429
       640.0000        16.0657
       650.0001        16.2768
       659.9999        16.5026
       670.0000        16.7219
       680.0000        16.9411
       690.0000        17.1632
       700.0001        17.3811
       710.0001        17.6058
       720.0001        17.8225
       730.0001        18.0497
       740.0000        18.2653
       750.0001        18.4948
       760.0001        18.7181
       769.9999        18.9410
       780.0000        19.1664
       790.0000        19.3883
       800.0001        19.6158
       810.0001        19.8366
       820.0001        20.0660
       830.0001        20.2859
       840.0000        20.5171
       850.0000        20.7426
       860.0001        20.9691
       870.0001        21.1963
       880.0001        21.4218
       890.0001        21.6506
       900.0000        21.8753
       910.0001        22.1057
       920.0001        22.3295
       930.0001        22.5614
       940.0000        22.7845
       950.0000        23.0177
       960.0001        23.2456
       970.0001        23.4746
       980.0001        23.7039
       990.0001        23.9321
      1000.0001        24.1626
      1010.0001        24.3901
      1020.0001        24.6219
      1030.0001        24.8486
      1040.0000        25.0816
      1050.0000        25.3076
      1060.0000        25.5417
      1070.0000        25.7671
      1080.0001        26.0023
      1090.0001        26.2326
      1100.0001        26.4633
      1110.0001        26.6947
      1120.0000        26.9246
      1130.0001        27.1570
      1140.0000        27.3864
      1150.0001        27.6197
      1160.0000        27.8485
      1170.0001        28.0828
      1180.0001        28.3110
      1190.0000        28.5461
      1200.0001        28.7737
      1210.0000        29.0098
      1220.0001        29.2415
      1230.0000        29.4737
      1240.0001        29.7062
      1250.0000        29.9379
      1260.0001        30.1713
      1270.0000        30.4024
      1280.0000        30.6365
      1290.0001        30.8671
