      -190.0000        10.0762
      -180.0000         9.8945
      -170.0000         9.7246
      -160.0000         9.5659
      -150.0000         9.4039
      -140.0000         9.2390
      -130.0000         9.1159
      -120.0000         8.9803
      -110.0000         8.8460
      -100.0000         8.7323
       -90.0000         8.6291
       -80.0000         8.5303
       -70.0000         8.4369
       -60.0000         8.3500
       -50.0000         8.2708
       -40.0000         8.2229
       -30.0000         8.1758
       -20.0000         8.1379
       -10.0000         8.1100
         0.0000         8.0925
        10.0000         8.0858
        20.0000         8.0899
        30.0000         8.1049
        40.0000         8.1305
        50.0000         8.1661
        60.0000         8.2113
        70.0000         8.2540
        80.0000         8.3315
        90.0000         8.4172
       100.0000         8.5098
       110.0000         8.6081
       120.0000         8.7111
       130.0000         8.8197
       140.0000         8.9541
       150.0000         9.0894
       160.0000         9.2250
       170.0000         9.3714
       180.0000         9.5339
       190.0000         9.6932
       200.0000         9.8573
       210.0000        10.0402
       220.0000        10.2168
       230.0000        10.4031
       240.0000        10.5993
       250.0000        10.7830
       260.0000        10.9971
       270.0000        11.2008
       280.0000        11.4105
       290.0000        11.6281
       300.0000        11.8390
       310.0000        12.0688
       320.0000        12.2822
       330.0000        12.5223
       340.0000        12.7490
       350.0000        12.9879
       360.0000        13.2223
       370.0000        13.4645
       380.0000        13.7055
       390.0000        13.9513
       400.0001        14.1976
       410.0000        14.4474
       420.0000        14.6980
       430.0000        14.9518
       440.0000        15.2057
       450.0000        15.4637
       460.0000        15.7202
       470.0000        15.9822
       480.0000        16.2407
       490.0000        16.5068
       500.0000        16.7611
       510.0001        17.0367
       520.0000        17.2957
       530.0000        17.5714
       540.0001        17.8348
       549.9999        18.1103
       559.9999        18.3781
       570.0000        18.6529
       580.0000        18.9249
       590.0001        19.1990
       600.0001        19.4749
       610.0001        19.7481
       620.0001        20.0278
       630.0000        20.2986
       640.0000        20.5832
       650.0001        20.8581
       659.9999        21.1408
       670.0000        21.4195
       680.0000        21.7004
       690.0000        21.9828
       700.0001        22.2573
       710.0001        22.5477
       720.0001        22.8260
       730.0001        23.1140
       740.0000        23.3959
       750.0001        23.6816
       760.0001        23.9670
       769.9999        24.2452
       780.0000        24.5390
       790.0000        24.8208
       800.0001        25.1118
       810.0001        25.3970
       820.0001        25.6854
       830.0001        25.9738
       840.0000        26.2557
       850.0000        26.5511
       860.0001        26.8363
       870.0001        27.1289
       880.0001        27.4172
       890.0001        27.7070
       900.0000        27.9983
       910.0001        28.2837
       920.0001        28.5796
       930.0001        28.8680
       940.0000        29.1611
       950.0000        29.4524
       960.0001        29.7428
       970.0001        30.0367
       980.0001        30.3254
       990.0001        30.6211
      1000.0001        30.9125
      1010.0001        31.2055
      1020.0001        31.4995
      1030.0001        31.7884
      1040.0000        32.0864
      1050.0000        32.3780
      1060.0000        32.6731
      1070.0000        32.9672
      1080.0001        33.2565
      1090.0001        33.5563
      1100.0001        33.8481
      1110.0001        34.1450
      1120.0000        34.4393
      1130.0001        34.7335
      1140.0000        35.0302
      1150.0001        35.3223
      1160.0000        35.6207
      1170.0001        35.9152
      1180.0001        36.2110
      1190.0000        36.5078
      1200.0001        36.8002
      1210.0000        37.0999
      1220.0001        37.3946
      1230.0000        37.6916
      1240.0001        37.9886
      1250.0000        38.2814
      1260.0001        38.5820
      1270.0000        38.8770
      1280.0000        39.1750
      1290.0001        39.4722
