-4.9000E+02 5.7351E+03
-4.8000E+02 5.7351E+03
-4.7000E+02 5.7351E+03
-4.6000E+02 5.7351E+03
-4.5000E+02 5.7351E+03
-4.4000E+02 5.7351E+03
-4.3000E+02 5.7351E+03
-4.2000E+02 5.7351E+03
-4.1000E+02 5.7351E+03
-4.0000E+02 5.7351E+03
-3.9000E+02 5.7351E+03
-3.8000E+02 5.7351E+03
-3.7000E+02 5.7351E+03
-3.6000E+02 5.7351E+03
-3.5000E+02 5.7351E+03
-3.4000E+02 5.7351E+03
-3.3000E+02 5.7351E+03
-3.2000E+02 5.7351E+03
-3.1000E+02 5.7351E+03
-3.0000E+02 5.7351E+03
-2.9000E+02 5.7351E+03
-2.8000E+02 5.7351E+03
-2.7000E+02 5.7351E+03
-2.6000E+02 5.7351E+03
-2.5000E+02 5.7351E+03
-2.4000E+02 5.7351E+03
-2.3000E+02 5.7351E+03
-2.2000E+02 5.7351E+03
-2.1000E+02 5.7351E+03
-2.0000E+02 5.7351E+03
-1.9000E+02 5.7351E+03
-1.8000E+02 5.7351E+03
-1.7000E+02 5.7351E+03
-1.6000E+02 5.7351E+03
-1.5000E+02 5.7351E+03
-1.4000E+02 5.7351E+03
-1.3000E+02 5.7351E+03
-1.2000E+02 5.7351E+03
-1.1000E+02 5.7351E+03
-1.0000E+02 5.7351E+03
-9.0000E+01 5.7351E+03
-8.0000E+01 5.7350E+03
-7.0000E+01 5.7350E+03
-6.0000E+01 5.7350E+03
-5.0000E+01 5.7349E+03
-4.0000E+01 5.7349E+03
-3.0000E+01 5.7348E+03
-2.0000E+01 5.7348E+03
-1.0000E+01 5.7347E+03
 0.0000E+00 5.7347E+03
 1.0000E+01 5.7346E+03
 2.0000E+01 5.7345E+03
 3.0000E+01 5.7345E+03
 4.0000E+01 5.7344E+03
 5.0000E+01 5.7322E+03
 6.0000E+01 5.7284E+03
 7.0000E+01 5.7246E+03
 8.0000E+01 5.7208E+03
 9.0000E+01 5.7171E+03
 1.0000E+02 5.7133E+03
 1.1000E+02 5.7096E+03
 1.2000E+02 5.7059E+03
 1.3000E+02 5.7022E+03
 1.4000E+02 5.6985E+03
 1.5000E+02 5.6948E+03
 1.6000E+02 5.6912E+03
 1.7000E+02 5.6876E+03
 1.8000E+02 5.6840E+03
 1.9000E+02 5.6805E+03
 2.0000E+02 5.6770E+03
 2.1000E+02 5.6736E+03
 2.2000E+02 5.6702E+03
 2.3000E+02 5.6669E+03
 2.4000E+02 5.6637E+03
 2.5000E+02 5.6606E+03
 2.6000E+02 5.6576E+03
 2.7000E+02 5.6547E+03
 2.8000E+02 5.6518E+03
 2.9000E+02 5.6490E+03
 3.0000E+02 5.6465E+03
 3.1000E+02 5.6438E+03
 3.2000E+02 5.6412E+03
 3.3000E+02 5.6387E+03
 3.4000E+02 5.6362E+03
 3.5000E+02 5.6335E+03
 3.6000E+02 5.6308E+03
 3.7000E+02 5.6281E+03
 3.8000E+02 5.6252E+03
 3.9000E+02 5.6223E+03
 4.0000E+02 5.6193E+03
 4.1000E+02 5.6160E+03
 4.2000E+02 5.6129E+03
 4.3000E+02 5.6095E+03
 4.4000E+02 5.6060E+03
 4.5000E+02 5.6025E+03
 4.6000E+02 5.5987E+03
 4.7000E+02 5.5949E+03
 4.8000E+02 5.5912E+03
 4.9000E+02 5.5873E+03
 5.0000E+02 5.5833E+03
 5.1000E+02 5.5795E+03
 5.2000E+02 5.5754E+03
 5.3000E+02 5.5714E+03
 5.4000E+02 5.5674E+03
 5.5000E+02 5.5633E+03
 5.6000E+02 5.5592E+03
 5.7000E+02 5.5552E+03
 5.8000E+02 5.5510E+03
 5.9000E+02 5.5469E+03
 6.0000E+02 5.5429E+03
 6.1000E+02 5.5388E+03
 6.2000E+02 5.5349E+03
 6.3000E+02 5.5310E+03
 6.4000E+02 5.5271E+03
 6.5000E+02 5.5233E+03
 6.6000E+02 5.5195E+03
 6.7000E+02 5.5157E+03
 6.8000E+02 5.5119E+03
 6.9000E+02 5.5081E+03
 7.0000E+02 5.5044E+03
 7.1000E+02 5.5006E+03
 7.2000E+02 5.4969E+03
 7.3000E+02 5.4931E+03
 7.4000E+02 5.4893E+03
 7.5000E+02 5.4855E+03
 7.6000E+02 5.4816E+03
 7.7000E+02 5.4778E+03
 7.8000E+02 5.4738E+03
 7.9000E+02 5.4697E+03
 8.0000E+02 5.4658E+03
 8.1000E+02 5.4616E+03
 8.2000E+02 5.4576E+03
 8.3000E+02 5.4535E+03
 8.4000E+02 5.4492E+03
 8.5000E+02 5.4452E+03
 8.6000E+02 5.4407E+03
 8.7000E+02 5.4366E+03
 8.8000E+02 5.4323E+03
 8.9000E+02 5.4275E+03
 9.0000E+02 5.4234E+03
 9.1000E+02 5.4185E+03
 9.2000E+02 5.4171E+03
 9.3000E+02 5.4161E+03
 9.4000E+02 5.4149E+03
 9.5000E+02 5.4139E+03
 9.6000E+02 5.4129E+03
 9.7000E+02 5.4119E+03
 9.8000E+02 5.4109E+03
 9.9000E+02 5.4098E+03
 1.0000E+03 5.4088E+03
 1.0100E+03 5.4078E+03
 1.0200E+03 5.4068E+03
 1.0300E+03 5.4058E+03
 1.0400E+03 5.4048E+03
 1.0500E+03 5.4038E+03
 1.0600E+03 5.4028E+03
 1.0700E+03 5.4018E+03
 1.0800E+03 5.4008E+03
 1.0900E+03 5.3998E+03
 1.1000E+03 5.3989E+03
 1.1100E+03 5.3979E+03
 1.1200E+03 5.3969E+03
 1.1300E+03 5.3959E+03
 1.1400E+03 5.3950E+03
 1.1500E+03 5.3940E+03
 1.1600E+03 5.3930E+03
 1.1700E+03 5.3921E+03
 1.1800E+03 5.3911E+03
 1.1900E+03 5.3901E+03
 1.2000E+03 5.3892E+03
 1.2100E+03 5.3882E+03
 1.2200E+03 5.3872E+03
 1.2300E+03 5.3861E+03
 1.2400E+03 5.3850E+03
 1.2500E+03 5.3836E+03
 1.2600E+03 5.3820E+03
 1.2700E+03 5.3801E+03
 1.2800E+03 5.3776E+03
 1.2900E+03 5.3746E+03
 1.3000E+03 5.3711E+03
 1.3100E+03 5.3672E+03
 1.3200E+03 5.3631E+03
 1.3300E+03 5.3591E+03
 1.3400E+03 5.3555E+03
 1.3500E+03 5.3524E+03
 1.3600E+03 5.3498E+03
 1.3700E+03 5.3475E+03
 1.3800E+03 5.3453E+03
 1.3900E+03 5.3429E+03
 1.4000E+03 5.3400E+03
 1.4100E+03 5.3365E+03
 1.4200E+03 5.3325E+03
 1.4300E+03 5.3282E+03
 1.4400E+03 5.3238E+03
 1.4500E+03 5.3196E+03
 1.4600E+03 5.3156E+03
 1.4700E+03 5.3115E+03
 1.4800E+03 5.3072E+03
 1.4900E+03 5.3025E+03
 1.5000E+03 5.2975E+03
