 0.0000E+00 2.1010E-01
 1.0000E+00 2.0861E-01
 2.0000E+00 2.0420E-01
 3.0000E+00 1.9706E-01
 4.0000E+00 1.8749E-01
 5.0000E+00 1.7586E-01
 6.0000E+00 1.6262E-01
 7.0000E+00 1.4825E-01
 8.0000E+00 1.3324E-01
 9.0000E+00 1.1806E-01
 1.0000E+01 1.0313E-01
 1.1000E+01 8.8813E-02
 1.2000E+01 7.5404E-02
 1.3000E+01 6.3115E-02
 1.4000E+01 5.2082E-02
 1.5000E+01 4.2371E-02
 1.6000E+01 3.3983E-02
 1.7000E+01 2.6871E-02
 1.8000E+01 2.0947E-02
 1.9000E+01 1.6098E-02
 2.0000E+01 1.2197E-02
 2.1000E+01 9.1103E-03
 2.2000E+01 6.7088E-03
 2.3000E+01 4.8705E-03
 2.4000E+01 3.4860E-03
 2.5000E+01 2.4598E-03
 2.6000E+01 1.7111E-03
 2.7000E+01 1.1735E-03
 2.8000E+01 7.9344E-04
 2.9000E+01 5.2888E-04
 3.0000E+01 3.4756E-04
 3.1000E+01 2.2517E-04
 3.2000E+01 1.4382E-04
 3.3000E+01 9.0559E-05
 3.4000E+01 5.6218E-05
 3.5000E+01 3.4406E-05
 3.6000E+01 2.0759E-05
 3.7000E+01 1.2348E-05
 3.8000E+01 7.2415E-06
 3.9000E+01 4.1866E-06
 4.0000E+01 2.3863E-06
 4.1000E+01 1.3409E-06
 4.2000E+01 7.4283E-07
 4.3000E+01 4.0569E-07
 4.4000E+01 2.1844E-07
 4.5000E+01 1.1595E-07
 4.6000E+01 6.0681E-08
 4.7000E+01 3.1307E-08
 4.8000E+01 1.5924E-08
 4.9000E+01 7.9851E-09
 5.0000E+01 3.9475E-09
 5.1000E+01 1.9239E-09
 5.2000E+01 9.2444E-10
 5.3000E+01 4.3791E-10
 5.4000E+01 2.0451E-10
 5.5000E+01 9.4156E-11
 5.6000E+01 4.2737E-11
 5.7000E+01 1.9124E-11
 5.8000E+01 8.4370E-12
 5.9000E+01 3.6695E-12
 6.0000E+01 1.5734E-12
 6.1000E+01 6.6512E-13
 6.2000E+01 2.7719E-13
 6.3000E+01 1.1389E-13
 6.4000E+01 4.6131E-14
 6.5000E+01 1.8421E-14
 6.6000E+01 7.2523E-15
 6.7000E+01 2.8148E-15
 6.8000E+01 1.0771E-15
 6.9000E+01 4.0630E-16
 7.0000E+01 1.5111E-16
 7.1000E+01 5.5402E-17
 7.2000E+01 2.0026E-17
 7.3000E+01 7.1364E-18
 7.4000E+01 2.5072E-18
 7.5000E+01 8.9256E-19
 7.6000E+01 8.9256E-19
 7.7000E+01 8.9256E-19
 7.8000E+01 8.9256E-19
 7.9000E+01 8.9256E-19
 8.0000E+01 8.9256E-19
 8.1000E+01 8.9256E-19
 8.2000E+01 8.9256E-19
 8.3000E+01 8.9256E-19
 8.4000E+01 8.9256E-19
 8.5000E+01 8.9256E-19
 8.6000E+01 8.9256E-19
 8.7000E+01 8.9256E-19
 8.8000E+01 8.9256E-19
 8.9000E+01 8.9256E-19
 9.0000E+01 8.9256E-19
 9.1000E+01 8.9256E-19
 9.2000E+01 8.9256E-19
 9.3000E+01 8.9256E-19
 9.4000E+01 8.9256E-19
 9.5000E+01 8.9256E-19
 9.6000E+01 8.9256E-19
 9.7000E+01 8.9256E-19
 9.8000E+01 8.9256E-19
 9.9000E+01 8.9256E-19
 1.0000E+02 8.9256E-19
 1.0100E+02 8.9256E-19
 1.0200E+02 8.9256E-19
 1.0300E+02 8.9256E-19
 1.0400E+02 8.9256E-19
 1.0500E+02 8.9256E-19
 1.0600E+02 8.9256E-19
 1.0700E+02 8.9256E-19
 1.0800E+02 8.9256E-19
 1.0900E+02 8.9256E-19
 1.1000E+02 8.9256E-19
 1.1100E+02 8.9256E-19
 1.1200E+02 8.9256E-19
 1.1300E+02 8.9256E-19
 1.1400E+02 8.9256E-19
 1.1500E+02 8.9256E-19
 1.1600E+02 8.9256E-19
 1.1700E+02 8.9256E-19
 1.1800E+02 8.9256E-19
 1.1900E+02 8.9256E-19
 1.2000E+02 8.9256E-19
 1.2100E+02 8.9256E-19
 1.2200E+02 8.9256E-19
 1.2300E+02 8.9256E-19
 1.2400E+02 8.9256E-19
 1.2500E+02 8.9256E-19
 1.2600E+02 8.9256E-19
 1.2700E+02 8.9256E-19
 1.2800E+02 8.9256E-19
 1.2900E+02 8.9256E-19
 1.3000E+02 8.9256E-19
 1.3100E+02 8.9256E-19
 1.3200E+02 8.9256E-19
 1.3300E+02 8.9256E-19
 1.3400E+02 8.9256E-19
 1.3500E+02 8.9256E-19
 1.3600E+02 8.9256E-19
 1.3700E+02 8.9256E-19
 1.3800E+02 8.9256E-19
 1.3900E+02 8.9256E-19
 1.4000E+02 8.9256E-19
 1.4100E+02 8.9256E-19
 1.4200E+02 8.9256E-19
 1.4300E+02 8.9256E-19
 1.4400E+02 8.9256E-19
 1.4500E+02 8.9256E-19
 1.4600E+02 8.9256E-19
 1.4700E+02 8.9256E-19
 1.4800E+02 8.9256E-19
 1.4900E+02 8.9256E-19
 1.5000E+02 8.9256E-19
 1.5100E+02 8.9256E-19
 1.5200E+02 8.9256E-19
 1.5300E+02 8.9256E-19
 1.5400E+02 8.9256E-19
 1.5500E+02 8.9256E-19
 1.5600E+02 8.9256E-19
 1.5700E+02 8.9256E-19
 1.5800E+02 8.9256E-19
 1.5900E+02 8.9256E-19
 1.6000E+02 8.9256E-19
 1.6100E+02 8.9256E-19
 1.6200E+02 8.9256E-19
 1.6300E+02 8.9256E-19
 1.6400E+02 8.9256E-19
 1.6500E+02 8.9256E-19
 1.6600E+02 8.9256E-19
 1.6700E+02 8.9256E-19
 1.6800E+02 8.9256E-19
 1.6900E+02 8.9256E-19
 1.7000E+02 8.9256E-19
 1.7100E+02 8.9256E-19
 1.7200E+02 8.9256E-19
 1.7300E+02 8.9256E-19
 1.7400E+02 8.9256E-19
 1.7500E+02 8.9256E-19
 1.7600E+02 8.9256E-19
 1.7700E+02 8.9256E-19
 1.7800E+02 8.9256E-19
 1.7900E+02 8.9256E-19
 1.8000E+02 8.9256E-19
 1.8100E+02 8.9256E-19
 1.8200E+02 8.9256E-19
 1.8300E+02 8.9256E-19
 1.8400E+02 8.9256E-19
 1.8500E+02 8.9256E-19
 1.8600E+02 8.9256E-19
 1.8700E+02 8.9256E-19
 1.8800E+02 8.9256E-19
 1.8900E+02 8.9256E-19
 1.9000E+02 8.9256E-19
 1.9100E+02 8.9256E-19
 1.9200E+02 8.9256E-19
 1.9300E+02 8.9256E-19
 1.9400E+02 8.9256E-19
 1.9500E+02 8.9256E-19
 1.9600E+02 8.9256E-19
 1.9700E+02 8.9256E-19
 1.9800E+02 8.9256E-19
 1.9900E+02 8.9256E-19
 2.0000E+02 8.9256E-19
