-3.3023E+02 1.3277E-18
-3.2689E+02 1.3274E-18
-3.2356E+02 1.3270E-18
-3.2022E+02 1.3266E-18
-3.1689E+02 1.3263E-18
-3.1355E+02 1.3259E-18
-3.1022E+02 1.3256E-18
-3.0688E+02 1.3252E-18
-3.0355E+02 1.3399E-18
-3.0021E+02 3.2104E-18
-2.9687E+02 7.6179E-18
-2.9354E+02 1.7903E-17
-2.9020E+02 4.1668E-17
-2.8687E+02 9.6048E-17
-2.8353E+02 2.1927E-16
-2.8020E+02 4.9577E-16
-2.7686E+02 1.1101E-15
-2.7353E+02 2.4619E-15
-2.7019E+02 5.4073E-15
-2.6685E+02 1.1762E-14
-2.6352E+02 2.5340E-14
-2.6018E+02 5.4065E-14
-2.5685E+02 1.1424E-13
-2.5351E+02 2.3909E-13
-2.5018E+02 4.9555E-13
-2.4684E+02 1.0172E-12
-2.4351E+02 2.0680E-12
-2.4017E+02 4.1639E-12
-2.3683E+02 8.3034E-12
-2.3350E+02 1.6399E-11
-2.3016E+02 3.2075E-11
-2.2683E+02 6.2135E-11
-2.2349E+02 1.1921E-10
-2.2016E+02 2.2651E-10
-2.1682E+02 4.2625E-10
-2.1349E+02 7.9442E-10
-2.1015E+02 1.4664E-09
-2.0681E+02 2.6807E-09
-2.0348E+02 4.8534E-09
-2.0014E+02 8.7026E-09
-1.9681E+02 1.5455E-08
-1.9347E+02 2.7182E-08
-1.9014E+02 4.7347E-08
-1.8680E+02 8.1680E-08
-1.8347E+02 1.3956E-07
-1.8013E+02 2.3615E-07
-1.7679E+02 3.9575E-07
-1.7346E+02 6.5684E-07
-1.7012E+02 1.0797E-06
-1.6679E+02 1.7577E-06
-1.6345E+02 2.8341E-06
-1.6012E+02 4.5255E-06
-1.5678E+02 7.1571E-06
-1.5345E+02 1.1210E-05
-1.5011E+02 1.7389E-05
-1.4677E+02 2.6715E-05
-1.4344E+02 4.0648E-05
-1.4010E+02 6.1254E-05
-1.3677E+02 9.1418E-05
-1.3343E+02 1.3512E-04
-1.3010E+02 1.9781E-04
-1.2676E+02 2.8679E-04
-1.2343E+02 4.1180E-04
-1.2009E+02 5.8563E-04
-1.1675E+02 8.2485E-04
-1.1342E+02 1.1506E-03
-1.1008E+02 1.5897E-03
-1.0675E+02 2.1753E-03
-1.0341E+02 2.9483E-03
-1.0008E+02 3.9577E-03
-9.6741E+01 5.2621E-03
-9.3405E+01 6.9301E-03
-9.0070E+01 9.0405E-03
-8.6734E+01 1.1682E-02
-8.3399E+01 1.4955E-02
-8.0063E+01 1.8965E-02
-7.6728E+01 2.3826E-02
-7.3392E+01 2.9658E-02
-7.0057E+01 3.6578E-02
-6.6721E+01 4.4700E-02
-6.3385E+01 5.4129E-02
-6.0050E+01 6.4955E-02
-5.6714E+01 7.7243E-02
-5.3379E+01 9.1028E-02
-5.0043E+01 1.0631E-01
-4.6708E+01 1.2304E-01
-4.3372E+01 1.4111E-01
-4.0037E+01 1.6036E-01
-3.6701E+01 1.8056E-01
-3.3365E+01 2.0141E-01
-3.0030E+01 2.2256E-01
-2.6694E+01 2.4358E-01
-2.3359E+01 2.6399E-01
-2.0023E+01 2.8330E-01
-1.6688E+01 3.0096E-01
-1.3352E+01 3.1647E-01
-1.0016E+01 3.2933E-01
-6.6809E+00 3.3912E-01
-3.3454E+00 3.4548E-01
-9.8242E-03 3.4819E-01
 3.3257E+00 3.4710E-01
 6.6613E+00 3.4225E-01
 9.9969E+00 3.3377E-01
 1.3332E+01 3.2193E-01
 1.6668E+01 3.0710E-01
 2.0004E+01 2.8978E-01
 2.3339E+01 2.7050E-01
 2.6675E+01 2.4984E-01
 3.0010E+01 2.2837E-01
 3.3346E+01 2.0667E-01
 3.6681E+01 1.8521E-01
 4.0017E+01 1.6437E-01
 4.3352E+01 1.4420E-01
 4.6688E+01 1.2471E-01
 5.0024E+01 1.0628E-01
 5.3359E+01 8.9769E-02
 5.6695E+01 7.7132E-02
 6.0030E+01 6.8696E-02
 6.3366E+01 6.0637E-02
 6.6701E+01 4.6774E-02
 7.0037E+01 2.9105E-02
 7.3372E+01 2.1467E-02
 7.6708E+01 2.6338E-02
 8.0044E+01 2.9449E-02
 8.3379E+01 2.2460E-02
 8.6715E+01 3.4239E-03
 9.0050E+01 4.5955E-03
 9.3386E+01 2.1927E-03
 9.6721E+01 2.2909E-03
 1.0006E+02 2.2868E-03
 1.0339E+02 3.1933E-03
 1.0673E+02 4.1569E-03
 1.1006E+02 1.5979E-03
 1.1340E+02 3.6478E-04
 1.1673E+02 2.6143E-04
 1.2007E+02 2.3153E-04
 1.2341E+02 3.3554E-04
 1.2674E+02 2.7200E-04
 1.3008E+02 1.9020E-04
 1.3341E+02 1.2989E-04
 1.3675E+02 8.7794E-05
 1.4008E+02 5.8768E-05
 1.4342E+02 3.8960E-05
 1.4675E+02 2.5580E-05
 1.5009E+02 1.6634E-05
 1.5343E+02 1.0712E-05
 1.5676E+02 6.8324E-06
 1.6010E+02 4.3160E-06
 1.6343E+02 2.7001E-06
 1.6677E+02 1.6730E-06
 1.7010E+02 1.0266E-06
 1.7344E+02 6.2392E-07
 1.7677E+02 3.7554E-07
 1.8011E+02 2.2386E-07
 1.8345E+02 1.3216E-07
 1.8678E+02 7.7277E-08
 1.9012E+02 4.4750E-08
 1.9345E+02 2.5665E-08
 1.9679E+02 1.4578E-08
 2.0012E+02 8.2006E-09
 2.0346E+02 4.5688E-09
 2.0679E+02 2.5210E-09
 2.1013E+02 1.3776E-09
 2.1347E+02 7.4560E-10
 2.1680E+02 3.9966E-10
 2.2014E+02 2.1216E-10
 2.2347E+02 1.1155E-10
 2.2681E+02 5.8082E-11
 2.3014E+02 2.9953E-11
 2.3348E+02 1.5298E-11
 2.3681E+02 7.7383E-12
 2.4015E+02 3.8766E-12
 2.4349E+02 1.9234E-12
 2.4682E+02 9.4512E-13
 2.5016E+02 4.5995E-13
 2.5349E+02 2.2168E-13
 2.5683E+02 1.0582E-13
 2.6016E+02 5.0027E-14
 2.6350E+02 2.3423E-14
 2.6683E+02 1.0861E-14
 2.7017E+02 4.9881E-15
 2.7351E+02 2.2688E-15
 2.7684E+02 1.0220E-15
 2.8018E+02 4.5594E-16
 2.8351E+02 2.0145E-16
 2.8685E+02 8.8155E-17
 2.9018E+02 3.8205E-17
 2.9352E+02 1.6398E-17
 2.9685E+02 6.9708E-18
 3.0019E+02 2.9348E-18
 3.0353E+02 1.2237E-18
 3.0686E+02 1.2090E-18
 3.1020E+02 1.2082E-18
 3.1353E+02 1.2073E-18
 3.1687E+02 1.2064E-18
 3.2020E+02 1.2055E-18
 3.2354E+02 1.2046E-18
 3.2687E+02 1.2037E-18
 3.3021E+02 1.2028E-18
 3.3355E+02 1.2019E-18
