-3.3023E+02 7.9698E-19
-3.2689E+02 8.7670E-19
-3.2356E+02 9.7529E-19
-3.2022E+02 1.0885E-18
-3.1689E+02 1.2114E-18
-3.1355E+02 1.3382E-18
-3.1022E+02 1.4629E-18
-3.0688E+02 1.5795E-18
-3.0355E+02 1.7014E-18
-3.0021E+02 4.2806E-18
-2.9687E+02 1.0507E-17
-2.9354E+02 2.5156E-17
-2.9020E+02 5.8724E-17
-2.8687E+02 1.3363E-16
-2.8353E+02 2.9640E-16
-2.8020E+02 6.4065E-16
-2.7686E+02 1.3493E-15
-2.7353E+02 2.7697E-15
-2.7019E+02 5.5432E-15
-2.6685E+02 1.0829E-14
-2.6352E+02 2.0697E-14
-2.6018E+02 3.8852E-14
-2.5685E+02 7.2103E-14
-2.5351E+02 1.3361E-13
-2.5018E+02 2.5052E-13
-2.4684E+02 4.8233E-13
-2.4351E+02 9.6491E-13
-2.4017E+02 2.0133E-12
-2.3683E+02 4.3549E-12
-2.3350E+02 9.6390E-12
-2.3016E+02 2.1511E-11
-2.2683E+02 4.7795E-11
-2.2349E+02 1.0477E-10
-2.2016E+02 2.2525E-10
-2.1682E+02 4.7327E-10
-2.1349E+02 9.6987E-10
-2.1015E+02 1.9365E-09
-2.0681E+02 3.7656E-09
-2.0348E+02 7.1291E-09
-2.0014E+02 1.3140E-08
-1.9681E+02 2.3579E-08
-1.9347E+02 4.1186E-08
-1.9014E+02 7.0027E-08
-1.8680E+02 1.1588E-07
-1.8347E+02 1.8663E-07
-1.8013E+02 2.9251E-07
-1.7679E+02 4.4634E-07
-1.7346E+02 6.6360E-07
-1.7012E+02 9.6306E-07
-1.6679E+02 1.3691E-06
-1.6345E+02 1.9186E-06
-1.6012E+02 2.6769E-06
-1.5678E+02 3.7723E-06
-1.5345E+02 5.4627E-06
-1.5011E+02 8.2533E-06
-1.4677E+02 1.3094E-05
-1.4344E+02 2.1689E-05
-1.4010E+02 3.6956E-05
-1.3677E+02 6.3672E-05
-1.3343E+02 1.0932E-04
-1.3010E+02 1.8512E-04
-1.2676E+02 3.0724E-04
-1.2343E+02 4.9797E-04
-1.2009E+02 7.8677E-04
-1.1675E+02 1.2108E-03
-1.1342E+02 1.8148E-03
-1.1008E+02 2.6499E-03
-1.0675E+02 3.7706E-03
-1.0341E+02 5.2319E-03
-1.0008E+02 7.0837E-03
-9.6741E+01 9.3668E-03
-9.3405E+01 1.2110E-02
-9.0070E+01 1.5329E-02
-8.6734E+01 1.9037E-02
-8.3399E+01 2.3256E-02
-8.0063E+01 2.8047E-02
-7.6728E+01 3.3562E-02
-7.3392E+01 4.0112E-02
-7.0057E+01 4.8285E-02
-6.6721E+01 5.9146E-02
-6.3385E+01 7.4587E-02
-6.0050E+01 9.8301E-02
-5.6714E+01 1.4678E-01
-5.3379E+01 3.6050E-01
-5.0043E+01 1.5276E+00
-4.6708E+01 4.2630E+00
-4.3372E+01 7.1510E+00
-4.0037E+01 9.5051E+00
-3.6701E+01 1.1029E+01
-3.3365E+01 1.1766E+01
-3.0030E+01 1.1383E+01
-2.6694E+01 1.0319E+01
-2.3359E+01 9.2134E+00
-2.0023E+01 7.8249E+00
-1.6688E+01 6.6174E+00
-1.3352E+01 6.2877E+00
-1.0016E+01 6.0325E+00
-6.6809E+00 5.5209E+00
-3.3454E+00 5.3154E+00
-9.8242E-03 5.6386E+00
 3.3257E+00 5.8934E+00
 6.6613E+00 6.1224E+00
 9.9969E+00 6.4105E+00
 1.3332E+01 6.9614E+00
 1.6668E+01 7.6383E+00
 2.0004E+01 8.2127E+00
 2.3339E+01 8.8865E+00
 2.6675E+01 9.8024E+00
 3.0010E+01 1.1212E+01
 3.3346E+01 1.0997E+01
 3.6681E+01 6.2261E+00
 4.0017E+01 2.8558E+00
 4.3352E+01 1.3768E+00
 4.6688E+01 6.5310E-01
 5.0024E+01 3.8801E-01
 5.3359E+01 2.5529E-01
 5.6695E+01 1.3108E-01
 6.0030E+01 6.3538E-02
 6.3366E+01 1.1784E-03
 6.6701E+01 7.6413E-03
 7.0037E+01 2.6585E-02
 7.3372E+01 3.8898E-02
 7.6708E+01 1.2922E-03
 8.0044E+01 1.1773E-03
 8.3379E+01 6.7231E-03
 8.6715E+01 8.5072E-03
 9.0050E+01 1.6784E-03
 9.3386E+01 8.4627E-04
 9.6721E+01 3.4084E-04
 1.0006E+02 6.6725E-05
 1.0339E+02 4.4025E-06
 1.0673E+02 6.2162E-05
 1.1006E+02 2.1741E-04
 1.1340E+02 1.6209E-04
 1.1673E+02 1.3134E-05
 1.2007E+02 1.2489E-04
 1.2341E+02 2.2689E-04
 1.2674E+02 1.9478E-04
 1.3008E+02 1.3644E-04
 1.3341E+02 9.3178E-05
 1.3675E+02 6.2981E-05
 1.4008E+02 4.2161E-05
 1.4342E+02 2.7952E-05
 1.4675E+02 1.8354E-05
 1.5009E+02 1.1935E-05
 1.5343E+02 7.6869E-06
 1.5676E+02 4.9032E-06
 1.6010E+02 3.0975E-06
 1.6343E+02 1.9379E-06
 1.6677E+02 1.2008E-06
 1.7010E+02 7.3690E-07
 1.7344E+02 4.4787E-07
 1.7677E+02 2.6959E-07
 1.8011E+02 1.6072E-07
 1.8345E+02 9.4888E-08
 1.8678E+02 5.5485E-08
 1.9012E+02 3.2132E-08
 1.9345E+02 1.8429E-08
 1.9679E+02 1.0468E-08
 2.0012E+02 5.8893E-09
 2.0346E+02 3.2813E-09
 2.0679E+02 1.8107E-09
 2.1013E+02 9.8953E-10
 2.1347E+02 5.3558E-10
 2.1680E+02 2.8710E-10
 2.2014E+02 1.5242E-10
 2.2347E+02 8.0138E-11
 2.2681E+02 4.1730E-11
 2.3014E+02 2.1521E-11
 2.3348E+02 1.0992E-11
 2.3681E+02 5.5606E-12
 2.4015E+02 2.7858E-12
 2.4349E+02 1.3822E-12
 2.4682E+02 6.7924E-13
 2.5016E+02 3.3057E-13
 2.5349E+02 1.5934E-13
 2.5683E+02 7.6061E-14
 2.6016E+02 3.5960E-14
 2.6350E+02 1.6838E-14
 2.6683E+02 7.8082E-15
 2.7017E+02 3.5860E-15
 2.7351E+02 1.6311E-15
 2.7684E+02 7.3480E-16
 2.8018E+02 3.2783E-16
 2.8351E+02 1.4486E-16
 2.8685E+02 6.3391E-17
 2.9018E+02 2.7474E-17
 2.9352E+02 1.1793E-17
 2.9685E+02 5.0133E-18
 3.0019E+02 2.1107E-18
 3.0353E+02 8.8013E-19
 3.0686E+02 8.6962E-19
 3.1020E+02 8.6902E-19
 3.1353E+02 8.6841E-19
 3.1687E+02 8.6781E-19
 3.2020E+02 8.6721E-19
 3.2354E+02 8.6660E-19
 3.2687E+02 8.6598E-19
 3.3021E+02 8.6537E-19
 3.3355E+02 8.6476E-19
