-3.3022E+02 8.9256E-19
-3.2689E+02 8.9256E-19
-3.2355E+02 8.9256E-19
-3.2021E+02 8.9256E-19
-3.1688E+02 8.9256E-19
-3.1354E+02 8.9256E-19
-3.1021E+02 8.9256E-19
-3.0687E+02 8.9256E-19
-3.0354E+02 9.0272E-19
-3.0020E+02 2.1634E-18
-2.9687E+02 5.1350E-18
-2.9353E+02 1.2071E-17
-2.9019E+02 2.8103E-17
-2.8686E+02 6.4799E-17
-2.8352E+02 1.4798E-16
-2.8019E+02 3.3467E-16
-2.7685E+02 7.4963E-16
-2.7352E+02 1.6630E-15
-2.7018E+02 3.6536E-15
-2.6685E+02 7.9502E-15
-2.6351E+02 1.7133E-14
-2.6017E+02 3.6567E-14
-2.5684E+02 7.7295E-14
-2.5350E+02 1.6182E-13
-2.5017E+02 3.3551E-13
-2.4683E+02 6.8894E-13
-2.4350E+02 1.4011E-12
-2.4016E+02 2.8220E-12
-2.3683E+02 5.6294E-12
-2.3349E+02 1.1122E-11
-2.3015E+02 2.1761E-11
-2.2682E+02 4.2169E-11
-2.2348E+02 8.0931E-11
-2.2015E+02 1.5383E-10
-2.1681E+02 2.8958E-10
-2.1348E+02 5.3990E-10
-2.1014E+02 9.9690E-10
-2.0681E+02 1.8231E-09
-2.0347E+02 3.3019E-09
-2.0013E+02 5.9227E-09
-1.9680E+02 1.0522E-08
-1.9346E+02 1.8512E-08
-1.9013E+02 3.2258E-08
-1.8679E+02 5.5669E-08
-1.8346E+02 9.5149E-08
-1.8012E+02 1.6106E-07
-1.7679E+02 2.7002E-07
-1.7345E+02 4.4834E-07
-1.7011E+02 7.3725E-07
-1.6678E+02 1.2007E-06
-1.6344E+02 1.9367E-06
-1.6011E+02 3.0937E-06
-1.5677E+02 4.8946E-06
-1.5344E+02 7.6693E-06
-1.5010E+02 1.1901E-05
-1.4677E+02 1.8292E-05
-1.4343E+02 2.7842E-05
-1.4009E+02 4.1973E-05
-1.3676E+02 6.2666E-05
-1.3342E+02 9.2663E-05
-1.3009E+02 1.3570E-04
-1.2675E+02 1.9682E-04
-1.2342E+02 2.8272E-04
-1.2008E+02 4.0221E-04
-1.1675E+02 5.6670E-04
-1.1341E+02 7.9079E-04
-1.1007E+02 1.0929E-03
-1.0674E+02 1.4959E-03
-1.0340E+02 2.0277E-03
-1.0007E+02 2.7223E-03
-9.6732E+01 3.6197E-03
-9.3397E+01 4.7667E-03
-9.0061E+01 6.2167E-03
-8.6726E+01 8.0300E-03
-8.3390E+01 1.0272E-02
-8.0055E+01 1.3015E-02
-7.6719E+01 1.6331E-02
-7.3384E+01 2.0294E-02
-7.0048E+01 2.4978E-02
-6.6712E+01 3.0447E-02
-6.3377E+01 3.6756E-02
-6.0041E+01 4.3947E-02
-5.6706E+01 5.2039E-02
-5.3370E+01 6.1029E-02
-5.0035E+01 7.0884E-02
-4.6699E+01 8.1539E-02
-4.3363E+01 9.2895E-02
-4.0028E+01 1.0481E-01
-3.6692E+01 1.1713E-01
-3.3357E+01 1.2963E-01
-3.0021E+01 1.4208E-01
-2.6686E+01 1.5424E-01
-2.3350E+01 1.6583E-01
-2.0015E+01 1.7657E-01
-1.6679E+01 1.8620E-01
-1.3343E+01 1.9447E-01
-1.0008E+01 2.0116E-01
-6.6724E+00 2.0608E-01
-3.3368E+00 2.0908E-01
-1.2442E-03 2.1010E-01
 3.3343E+00 2.0908E-01
 6.6699E+00 2.0608E-01
 1.0005E+01 2.0116E-01
 1.3341E+01 1.9447E-01
 1.6677E+01 1.8620E-01
 2.0012E+01 1.7657E-01
 2.3348E+01 1.6583E-01
 2.6683E+01 1.5424E-01
 3.0019E+01 1.4208E-01
 3.3354E+01 1.2963E-01
 3.6690E+01 1.1713E-01
 4.0025E+01 1.0481E-01
 4.3361E+01 9.2895E-02
 4.6697E+01 8.1539E-02
 5.0032E+01 7.0884E-02
 5.3368E+01 6.1029E-02
 5.6703E+01 5.2039E-02
 6.0039E+01 4.3947E-02
 6.3374E+01 3.6756E-02
 6.6710E+01 3.0447E-02
 7.0045E+01 2.4978E-02
 7.3381E+01 2.0294E-02
 7.6717E+01 1.6331E-02
 8.0052E+01 1.3015E-02
 8.3388E+01 1.0272E-02
 8.6723E+01 8.0300E-03
 9.0059E+01 6.2167E-03
 9.3394E+01 4.7667E-03
 9.6730E+01 3.6197E-03
 1.0007E+02 2.7223E-03
 1.0340E+02 2.0277E-03
 1.0674E+02 1.4959E-03
 1.1007E+02 1.0929E-03
 1.1341E+02 7.9079E-04
 1.1674E+02 5.6670E-04
 1.2008E+02 4.0221E-04
 1.2341E+02 2.8272E-04
 1.2675E+02 1.9682E-04
 1.3009E+02 1.3570E-04
 1.3342E+02 9.2663E-05
 1.3676E+02 6.2666E-05
 1.4009E+02 4.1973E-05
 1.4343E+02 2.7842E-05
 1.4676E+02 1.8292E-05
 1.5010E+02 1.1901E-05
 1.5343E+02 7.6693E-06
 1.5677E+02 4.8946E-06
 1.6011E+02 3.0937E-06
 1.6344E+02 1.9367E-06
 1.6678E+02 1.2007E-06
 1.7011E+02 7.3725E-07
 1.7345E+02 4.4834E-07
 1.7678E+02 2.7002E-07
 1.8012E+02 1.6106E-07
 1.8345E+02 9.5149E-08
 1.8679E+02 5.5670E-08
 1.9013E+02 3.2258E-08
 1.9346E+02 1.8512E-08
 1.9680E+02 1.0522E-08
 2.0013E+02 5.9227E-09
 2.0347E+02 3.3019E-09
 2.0680E+02 1.8231E-09
 2.1014E+02 9.9690E-10
 2.1347E+02 5.3989E-10
 2.1681E+02 2.8958E-10
 2.2015E+02 1.5383E-10
 2.2348E+02 8.0930E-11
 2.2682E+02 4.2169E-11
 2.3015E+02 2.1761E-11
 2.3349E+02 1.1122E-11
 2.3682E+02 5.6294E-12
 2.4016E+02 2.8220E-12
 2.4349E+02 1.4011E-12
 2.4683E+02 6.8894E-13
 2.5017E+02 3.3551E-13
 2.5350E+02 1.6182E-13
 2.5684E+02 7.7295E-14
 2.6017E+02 3.6567E-14
 2.6351E+02 1.7133E-14
 2.6684E+02 7.9501E-15
 2.7018E+02 3.6536E-15
 2.7351E+02 1.6630E-15
 2.7685E+02 7.4963E-16
 2.8019E+02 3.3467E-16
 2.8352E+02 1.4797E-16
 2.8686E+02 6.4800E-17
 2.9019E+02 2.8103E-17
 2.9353E+02 1.2071E-17
 2.9686E+02 5.1350E-18
 3.0020E+02 2.1635E-18
 3.0353E+02 9.0272E-19
 3.0687E+02 8.9256E-19
 3.1021E+02 8.9256E-19
 3.1354E+02 8.9256E-19
 3.1688E+02 8.9256E-19
 3.2021E+02 8.9256E-19
 3.2355E+02 8.9256E-19
 3.2688E+02 8.9256E-19
 3.3022E+02 8.9256E-19
 3.3355E+02 8.9256E-19
