-3.3023E+02 7.9313E-02
-3.2689E+02 1.5936E-01
-3.2356E+02 2.3960E-01
-3.2022E+02 3.2002E-01
-3.1689E+02 4.0062E-01
-3.1355E+02 4.8141E-01
-3.1022E+02 5.6238E-01
-3.0688E+02 6.4352E-01
-3.0355E+02 7.2483E-01
-3.0021E+02 8.0631E-01
-2.9687E+02 8.8796E-01
-2.9354E+02 9.6978E-01
-2.9020E+02 1.0518E+00
-2.8687E+02 1.1339E+00
-2.8353E+02 1.2162E+00
-2.8020E+02 1.2986E+00
-2.7686E+02 1.3812E+00
-2.7353E+02 1.4640E+00
-2.7019E+02 1.5469E+00
-2.6685E+02 1.6299E+00
-2.6352E+02 1.7131E+00
-2.6018E+02 1.7964E+00
-2.5685E+02 1.8798E+00
-2.5351E+02 1.9634E+00
-2.5018E+02 2.0471E+00
-2.4684E+02 2.1310E+00
-2.4351E+02 2.2149E+00
-2.4017E+02 2.2990E+00
-2.3683E+02 2.3832E+00
-2.3350E+02 2.4676E+00
-2.3016E+02 2.5520E+00
-2.2683E+02 2.6366E+00
-2.2349E+02 2.7213E+00
-2.2016E+02 2.8061E+00
-2.1682E+02 2.8910E+00
-2.1349E+02 2.9760E+00
-2.1015E+02 3.0611E+00
-2.0681E+02-3.1368E+00
-2.0348E+02-3.0515E+00
-2.0014E+02-2.9661E+00
-1.9681E+02-2.8805E+00
-1.9347E+02-2.7949E+00
-1.9014E+02-2.7092E+00
-1.8680E+02-2.6233E+00
-1.8347E+02-2.5374E+00
-1.8013E+02-2.4514E+00
-1.7679E+02-2.3653E+00
-1.7346E+02-2.2791E+00
-1.7012E+02-2.1928E+00
-1.6679E+02-2.1064E+00
-1.6345E+02-2.0200E+00
-1.6012E+02-1.9335E+00
-1.5678E+02-1.8469E+00
-1.5345E+02-1.7602E+00
-1.5011E+02-1.6734E+00
-1.4677E+02-1.5866E+00
-1.4344E+02-1.4997E+00
-1.4010E+02-1.4127E+00
-1.3677E+02-1.3257E+00
-1.3343E+02-1.2386E+00
-1.3010E+02-1.1515E+00
-1.2676E+02-1.0643E+00
-1.2343E+02-9.7716E-01
-1.2009E+02-8.8999E-01
-1.1675E+02-8.0286E-01
-1.1342E+02-7.1581E-01
-1.1008E+02-6.2886E-01
-1.0675E+02-5.4209E-01
-1.0341E+02-4.5556E-01
-1.0008E+02-3.6935E-01
-9.6741E+01-2.8359E-01
-9.3405E+01-1.9837E-01
-9.0070E+01-1.1385E-01
-8.6734E+01-3.0191E-02
-8.3399E+01 5.2425E-02
-8.0063E+01 1.3380E-01
-7.6728E+01 2.1372E-01
-7.3392E+01 2.9197E-01
-7.0057E+01 3.6832E-01
-6.6721E+01 4.4259E-01
-6.3385E+01 5.1458E-01
-6.0050E+01 5.8415E-01
-5.6714E+01 6.5120E-01
-5.3379E+01 7.1571E-01
-5.0043E+01 7.7771E-01
-4.6708E+01 8.3735E-01
-4.3372E+01 8.9484E-01
-4.0037E+01 9.5052E-01
-3.6701E+01 1.0048E+00
-3.3365E+01 1.0582E+00
-3.0030E+01 1.1113E+00
-2.6694E+01 1.1648E+00
-2.3359E+01 1.2193E+00
-2.0023E+01 1.2756E+00
-1.6688E+01 1.3344E+00
-1.3352E+01 1.3965E+00
-1.0016E+01 1.4624E+00
-6.6809E+00 1.5327E+00
-3.3454E+00 1.6079E+00
-9.8242E-03 1.6884E+00
 3.3257E+00 1.7744E+00
 6.6613E+00 1.8661E+00
 9.9969E+00 1.9633E+00
 1.3332E+01 2.0659E+00
 1.6668E+01 2.1736E+00
 2.0004E+01 2.2859E+00
 2.3339E+01 2.4022E+00
 2.6675E+01 2.5218E+00
 3.0010E+01 2.6441E+00
 3.3346E+01 2.7684E+00
 3.6681E+01 2.8940E+00
 4.0017E+01 3.0206E+00
 4.3352E+01-3.1356E+00
 4.6688E+01-3.0092E+00
 5.0024E+01-2.8869E+00
 5.3359E+01-2.7747E+00
 5.6695E+01-2.6715E+00
 6.0030E+01-2.5598E+00
 6.3366E+01-2.4079E+00
 6.6701E+01-2.2207E+00
 7.0037E+01-2.1107E+00
 7.3372E+01-2.2041E+00
 7.6708E+01-2.2030E+00
 8.0044E+01-1.9693E+00
 8.3379E+01-1.6013E+00
 8.6715E+01-1.7086E+00
 9.0050E+01 2.4709E+00
 9.3386E+01 1.3889E+00
 9.6721E+01 3.3232E-01
 1.0006E+02-3.8343E-01
 1.0339E+02-5.9987E-01
 1.0673E+02-4.1339E-01
 1.1006E+02-1.3893E+00
 1.1340E+02-2.8227E+00
 1.1673E+02 2.2805E+00
 1.2007E+02 7.8046E-01
 1.2341E+02 1.4208E-01
 1.2674E+02 3.3126E-02
 1.3008E+02 2.4530E-02
 1.3341E+02 2.4891E-02
 1.3675E+02 2.5658E-02
 1.4008E+02 2.6430E-02
 1.4342E+02 2.7202E-02
 1.4675E+02 2.7973E-02
 1.5009E+02 2.8748E-02
 1.5343E+02 2.9521E-02
 1.5676E+02 3.0294E-02
 1.6010E+02 3.1070E-02
 1.6343E+02 3.1843E-02
 1.6677E+02 3.2619E-02
 1.7010E+02 3.3396E-02
 1.7344E+02 3.4172E-02
 1.7677E+02 3.4947E-02
 1.8011E+02 3.5724E-02
 1.8345E+02 3.6498E-02
 1.8678E+02 3.7275E-02
 1.9012E+02 3.8053E-02
 1.9345E+02 3.8832E-02
 1.9679E+02 3.9610E-02
 2.0012E+02 4.0388E-02
 2.0346E+02 4.1167E-02
 2.0679E+02 4.1947E-02
 2.1013E+02 4.2726E-02
 2.1347E+02 4.3508E-02
 2.1680E+02 4.4287E-02
 2.2014E+02 4.5069E-02
 2.2347E+02 4.5852E-02
 2.2681E+02 4.6631E-02
 2.3014E+02 4.7411E-02
 2.3348E+02 4.8197E-02
 2.3681E+02 4.8979E-02
 2.4015E+02 4.9761E-02
 2.4349E+02 5.0544E-02
 2.4682E+02 5.1329E-02
 2.5016E+02 5.2110E-02
 2.5349E+02 5.2897E-02
 2.5683E+02 5.3682E-02
 2.6016E+02 5.4468E-02
 2.6350E+02 5.5250E-02
 2.6683E+02 5.6038E-02
 2.7017E+02 5.6822E-02
 2.7351E+02 5.7610E-02
 2.7684E+02 5.8397E-02
 2.8018E+02 5.9184E-02
 2.8351E+02 5.9973E-02
 2.8685E+02 6.0760E-02
 2.9018E+02 6.1547E-02
 2.9352E+02 6.2337E-02
 2.9685E+02 6.3127E-02
 3.0019E+02 6.3921E-02
 3.0353E+02 6.4707E-02
 3.0686E+02 6.5497E-02
 3.1020E+02 6.6289E-02
 3.1353E+02 6.7079E-02
 3.1687E+02 6.7872E-02
 3.2020E+02 6.8663E-02
 3.2354E+02 6.9457E-02
 3.2687E+02 7.0248E-02
 3.3021E+02 7.1039E-02
 3.3355E+02 7.1835E-02
