-4.9000E+02-3.7933E-01
-4.8000E+02-3.8874E-01
-4.7000E+02-3.9816E-01
-4.6000E+02-4.0759E-01
-4.5000E+02-4.1702E-01
-4.4000E+02-4.2646E-01
-4.3000E+02-4.3590E-01
-4.2000E+02-4.4531E-01
-4.1000E+02-4.5471E-01
-4.0000E+02-4.6408E-01
-3.9000E+02-4.7342E-01
-3.8000E+02-4.8271E-01
-3.7000E+02-4.9195E-01
-3.6000E+02-5.0113E-01
-3.5000E+02-5.1024E-01
-3.4000E+02-5.1928E-01
-3.3000E+02-5.2823E-01
-3.2000E+02-5.3708E-01
-3.1000E+02-5.4582E-01
-3.0000E+02-5.5445E-01
-2.9000E+02-5.6296E-01
-2.8000E+02-5.7133E-01
-2.7000E+02-5.7955E-01
-2.6000E+02-5.8762E-01
-2.5000E+02-5.9552E-01
-2.4000E+02-6.0324E-01
-2.3000E+02-6.1077E-01
-2.2000E+02-6.1811E-01
-2.1000E+02-6.2524E-01
-2.0000E+02-6.3215E-01
-1.9000E+02-6.3883E-01
-1.8000E+02-6.4527E-01
-1.7000E+02-6.5146E-01
-1.6000E+02-6.5739E-01
-1.5000E+02-6.6305E-01
-1.4000E+02-6.6843E-01
-1.3000E+02-6.7353E-01
-1.2000E+02-6.7833E-01
-1.1000E+02-6.8283E-01
-1.0000E+02-6.8702E-01
-9.0000E+01-6.9090E-01
-8.0000E+01-6.7598E-01
-7.0000E+01-6.4024E-01
-6.0000E+01-5.9268E-01
-5.0000E+01-5.3959E-01
-4.0000E+01-4.8042E-01
-3.0000E+01-4.1368E-01
-2.0000E+01-3.3931E-01
-1.0000E+01-2.5737E-01
 0.0000E+00-1.6888E-01
 1.0000E+01-7.5205E-02
 2.0000E+01 2.2311E-02
 3.0000E+01 1.2635E-01
 4.0000E+01 2.3067E-01
 5.0000E+01 3.4328E-01
 6.0000E+01 4.7634E-01
 7.0000E+01 6.0460E-01
 8.0000E+01 7.2252E-01
 9.0000E+01 8.1778E-01
 1.0000E+02 9.2628E-01
 1.1000E+02 1.0649E+00
 1.2000E+02 1.2071E+00
 1.3000E+02 1.3412E+00
 1.4000E+02 1.4660E+00
 1.5000E+02 1.6106E+00
 1.6000E+02 1.7891E+00
 1.7000E+02 1.9743E+00
 1.8000E+02 2.1120E+00
 1.9000E+02 2.2618E+00
 2.0000E+02 2.4495E+00
 2.1000E+02 2.6381E+00
 2.2000E+02 2.7690E+00
 2.3000E+02 2.9410E+00
 2.4000E+02 3.1329E+00
 2.5000E+02 3.3399E+00
 2.6000E+02 3.4673E+00
 2.7000E+02 3.4607E+00
 2.8000E+02 2.7466E+00
 2.9000E+02 1.2790E+00
 3.0000E+02 3.3948E-01
 3.1000E+02 8.7497E-02
 3.2000E+02 2.4780E-02
 3.3000E+02 3.6360E-01
 3.4000E+02 1.1509E+00
 3.5000E+02 1.9734E+00
 3.6000E+02 2.4819E+00
 3.7000E+02 2.9755E+00
 3.8000E+02 3.4470E+00
 3.9000E+02 3.8109E+00
 4.0000E+02 4.2633E+00
 4.1000E+02 4.5614E+00
 4.2000E+02 4.9681E+00
 4.3000E+02 5.4561E+00
 4.4000E+02 5.7714E+00
 4.5000E+02 6.1264E+00
 4.6000E+02 6.4538E+00
 4.7000E+02 6.7361E+00
 4.8000E+02 6.9721E+00
 4.9000E+02 7.1412E+00
 5.0000E+02 7.3422E+00
 5.1000E+02 7.4873E+00
 5.2000E+02 7.6236E+00
 5.3000E+02 7.7958E+00
 5.4000E+02 8.0240E+00
 5.5000E+02 8.2976E+00
 5.6000E+02 8.4577E+00
 5.7000E+02 8.5686E+00
 5.8000E+02 8.6241E+00
 5.9000E+02 8.4746E+00
 6.0000E+02 8.4606E+00
 6.1000E+02 8.3344E+00
 6.2000E+02 8.1297E+00
 6.3000E+02 8.1594E+00
 6.4000E+02 8.0454E+00
 6.5000E+02 8.0316E+00
 6.6000E+02 8.1413E+00
 6.7000E+02 8.1850E+00
 6.8000E+02 8.3149E+00
 6.9000E+02 8.3945E+00
 7.0000E+02 8.5093E+00
 7.1000E+02 8.6194E+00
 7.2000E+02 8.8516E+00
 7.3000E+02 9.0434E+00
 7.4000E+02 9.1371E+00
 7.5000E+02 9.4032E+00
 7.6000E+02 9.6006E+00
 7.7000E+02 9.8434E+00
 7.8000E+02 1.0112E+01
 7.9000E+02 1.0201E+01
 8.0000E+02 1.0464E+01
 8.1000E+02 1.0697E+01
 8.2000E+02 1.0853E+01
 8.3000E+02 1.1142E+01
 8.4000E+02 1.1349E+01
 8.5000E+02 1.1720E+01
 8.6000E+02 1.2004E+01
 8.7000E+02 1.2146E+01
 8.8000E+02 1.2777E+01
 8.9000E+02 1.3390E+01
 9.0000E+02 1.4017E+01
 9.1000E+02 1.4615E+01
 9.2000E+02 1.5770E+01
 9.3000E+02 1.7818E+01
 9.4000E+02 1.9037E+01
 9.5000E+02 1.9726E+01
 9.6000E+02 2.0084E+01
 9.7000E+02 2.0505E+01
 9.8000E+02 2.0761E+01
 9.9000E+02 2.0885E+01
 1.0000E+03 2.0987E+01
 1.0100E+03 2.1037E+01
 1.0200E+03 2.1061E+01
 1.0300E+03 2.1135E+01
 1.0400E+03 2.1173E+01
 1.0500E+03 2.1170E+01
 1.0600E+03 2.1184E+01
 1.0700E+03 2.1190E+01
 1.0800E+03 2.1196E+01
 1.0900E+03 2.1216E+01
 1.1000E+03 2.1219E+01
 1.1100E+03 2.1193E+01
 1.1200E+03 2.1178E+01
 1.1300E+03 2.1190E+01
 1.1400E+03 2.1199E+01
 1.1500E+03 2.1179E+01
 1.1600E+03 2.1151E+01
 1.1700E+03 2.1141E+01
 1.1800E+03 2.1144E+01
 1.1900E+03 2.1136E+01
 1.2000E+03 2.1111E+01
 1.2100E+03 2.1085E+01
 1.2200E+03 2.1071E+01
 1.2300E+03 2.1063E+01
 1.2400E+03 2.1048E+01
 1.2500E+03 2.1015E+01
 1.2600E+03 2.0977E+01
 1.2700E+03 2.0946E+01
 1.2800E+03 2.0913E+01
 1.2900E+03 2.0860E+01
 1.3000E+03 2.0788E+01
 1.3100E+03 2.0715E+01
 1.3200E+03 2.0649E+01
 1.3300E+03 2.0583E+01
 1.3400E+03 2.0512E+01
 1.3500E+03 2.0443E+01
 1.3600E+03 2.0389E+01
 1.3700E+03 2.0347E+01
 1.3800E+03 2.0301E+01
 1.3900E+03 2.0244E+01
 1.4000E+03 2.0181E+01
 1.4100E+03 2.0118E+01
 1.4200E+03 2.0049E+01
 1.4300E+03 1.9970E+01
 1.4400E+03 1.9889E+01
 1.4500E+03 1.9819E+01
 1.4600E+03 1.9760E+01
 1.4700E+03 1.9698E+01
 1.4800E+03 1.9625E+01
 1.4900E+03 1.9544E+01
 1.5000E+03 1.9462E+01
