-4.9000E+02 0.0000E+00
-4.8000E+02 0.0000E+00
-4.7000E+02 0.0000E+00
-4.6000E+02 0.0000E+00
-4.5000E+02 0.0000E+00
-4.4000E+02 0.0000E+00
-4.3000E+02 0.0000E+00
-4.2000E+02 0.0000E+00
-4.1000E+02 0.0000E+00
-4.0000E+02 0.0000E+00
-3.9000E+02 0.0000E+00
-3.8000E+02 4.2915E+17
-3.7000E+02 5.2168E+17
-3.6000E+02 6.3353E+17
-3.5000E+02 7.6840E+17
-3.4000E+02 9.3061E+17
-3.3000E+02 1.1251E+18
-3.2000E+02 1.3573E+18
-3.1000E+02 1.6332E+18
-3.0000E+02 1.9594E+18
-2.9000E+02 2.3424E+18
-2.8000E+02 2.7887E+18
-2.7000E+02 3.3041E+18
-2.6000E+02 3.8933E+18
-2.5000E+02 4.5588E+18
-2.4000E+02 5.3006E+18
-2.3000E+02 6.1153E+18
-2.2000E+02 6.9957E+18
-2.1000E+02 7.9304E+18
-2.0000E+02 8.9045E+18
-1.9000E+02 9.9001E+18
-1.8000E+02 1.0898E+19
-1.7000E+02 1.1878E+19
-1.6000E+02 1.2821E+19
-1.5000E+02 1.3714E+19
-1.4000E+02 1.4542E+19
-1.3000E+02 1.5299E+19
-1.2000E+02 1.5980E+19
-1.1000E+02 1.6584E+19
-1.0000E+02 1.7114E+19
-9.0000E+01 1.7574E+19
-8.0000E+01 1.7969E+19
-7.0000E+01 1.8306E+19
-6.0000E+01 1.8591E+19
-5.0000E+01 1.8832E+19
-4.0000E+01 1.9033E+19
-3.0000E+01 1.9202E+19
-2.0000E+01 1.9341E+19
-1.0000E+01 1.9458E+19
 0.0000E+00 1.9554E+19
 1.0000E+01 1.9633E+19
 2.0000E+01 1.9699E+19
 3.0000E+01 1.9753E+19
 4.0000E+01 1.9797E+19
 5.0000E+01 1.9833E+19
 6.0000E+01 1.9863E+19
 7.0000E+01 1.9888E+19
 8.0000E+01 1.9908E+19
 9.0000E+01 1.9925E+19
 1.0000E+02 1.9938E+19
 1.1000E+02 1.9950E+19
 1.2000E+02 1.9959E+19
 1.3000E+02 1.9966E+19
 1.4000E+02 1.9972E+19
 1.5000E+02 1.9977E+19
 1.6000E+02 1.9981E+19
 1.7000E+02 1.9985E+19
 1.8000E+02 1.9988E+19
 1.9000E+02 1.9990E+19
 2.0000E+02 1.9992E+19
 2.1000E+02 1.9993E+19
 2.2000E+02 1.9994E+19
 2.3000E+02 1.9995E+19
 2.4000E+02 1.9996E+19
 2.5000E+02 1.9997E+19
 2.6000E+02 1.9997E+19
 2.7000E+02 1.9998E+19
 2.8000E+02 1.9998E+19
 2.9000E+02 1.9999E+19
 3.0000E+02 1.9999E+19
 3.1000E+02 1.9999E+19
 3.2000E+02 1.9999E+19
 3.3000E+02 1.9999E+19
 3.4000E+02 1.9999E+19
 3.5000E+02 2.0000E+19
 3.6000E+02 2.0000E+19
 3.7000E+02 2.0000E+19
 3.8000E+02 2.0000E+19
 3.9000E+02 2.0000E+19
 4.0000E+02 2.0000E+19
 4.1000E+02 2.0000E+19
 4.2000E+02 2.0000E+19
 4.3000E+02 2.0000E+19
 4.4000E+02 2.0000E+19
 4.5000E+02 2.0000E+19
 4.6000E+02 2.0000E+19
 4.7000E+02 2.0000E+19
 4.8000E+02 2.0000E+19
 4.9000E+02 1.9999E+19
 5.0000E+02 1.9999E+19
 5.1000E+02 1.9999E+19
 5.2000E+02 1.9999E+19
 5.3000E+02 1.9999E+19
 5.4000E+02 1.9998E+19
 5.5000E+02 1.9998E+19
 5.6000E+02 1.9998E+19
 5.7000E+02 1.9997E+19
 5.8000E+02 1.9996E+19
 5.9000E+02 1.9996E+19
 6.0000E+02 1.9995E+19
 6.1000E+02 1.9993E+19
 6.2000E+02 1.9992E+19
 6.3000E+02 1.9990E+19
 6.4000E+02 1.9988E+19
 6.5000E+02 1.9985E+19
 6.6000E+02 1.9982E+19
 6.7000E+02 1.9978E+19
 6.8000E+02 1.9973E+19
 6.9000E+02 1.9967E+19
 7.0000E+02 1.9960E+19
 7.1000E+02 1.9952E+19
 7.2000E+02 1.9941E+19
 7.3000E+02 1.9928E+19
 7.4000E+02 1.9912E+19
 7.5000E+02 1.9892E+19
 7.6000E+02 1.9869E+19
 7.7000E+02 1.9840E+19
 7.8000E+02 1.9805E+19
 7.9000E+02 1.9762E+19
 8.0000E+02 1.9710E+19
 8.1000E+02 1.9647E+19
 8.2000E+02 1.9571E+19
 8.3000E+02 1.9479E+19
 8.4000E+02 1.9367E+19
 8.5000E+02 1.9232E+19
 8.6000E+02 1.9070E+19
 8.7000E+02 1.8875E+19
 8.8000E+02 1.8643E+19
 8.9000E+02 1.8368E+19
 9.0000E+02 1.8041E+19
 9.1000E+02 1.7659E+19
 9.2000E+02 1.7212E+19
 9.3000E+02 1.6697E+19
 9.4000E+02 1.6108E+19
 9.5000E+02 1.5443E+19
 9.6000E+02 1.4701E+19
 9.7000E+02 1.3887E+19
 9.8000E+02 1.3006E+19
 9.9000E+02 1.2072E+19
 1.0000E+03 1.1098E+19
 1.0100E+03 1.0102E+19
 1.0200E+03 9.1047E+18
 1.0300E+03 8.1248E+18
 1.0400E+03 7.1808E+18
 1.0500E+03 6.2884E+18
 1.0600E+03 5.4597E+18
 1.0700E+03 4.7027E+18
 1.0800E+03 4.0217E+18
 1.0900E+03 3.4172E+18
 1.1000E+03 2.8872E+18
 1.1100E+03 2.4274E+18
 1.1200E+03 2.0321E+18
 1.1300E+03 1.6949E+18
 1.1400E+03 1.4093E+18
 1.1500E+03 1.1688E+18
 1.1600E+03 9.6718E+17
 1.1700E+03 7.9886E+17
 1.1800E+03 6.5882E+17
 1.1900E+03 5.4264E+17
 1.2000E+03 4.4647E+17
 1.2100E+03 3.6702E+17
 1.2200E+03 0.0000E+00
 1.2300E+03 0.0000E+00
 1.2400E+03 0.0000E+00
 1.2500E+03 0.0000E+00
 1.2600E+03 0.0000E+00
 1.2700E+03 0.0000E+00
 1.2800E+03 0.0000E+00
 1.2900E+03 0.0000E+00
 1.3000E+03 0.0000E+00
 1.3100E+03 0.0000E+00
 1.3200E+03 0.0000E+00
 1.3300E+03 0.0000E+00
 1.3400E+03 0.0000E+00
 1.3500E+03 0.0000E+00
 1.3600E+03 0.0000E+00
 1.3700E+03 0.0000E+00
 1.3800E+03 0.0000E+00
 1.3900E+03 0.0000E+00
 1.4000E+03 0.0000E+00
 1.4100E+03 0.0000E+00
 1.4200E+03 0.0000E+00
 1.4300E+03 0.0000E+00
 1.4400E+03 0.0000E+00
 1.4500E+03 0.0000E+00
 1.4600E+03 0.0000E+00
 1.4700E+03 0.0000E+00
 1.4800E+03 0.0000E+00
 1.4900E+03 0.0000E+00
 1.5000E+03 0.0000E+00
