-3.3022E+02 0.0000E+00
-3.2689E+02 0.0000E+00
-3.2355E+02 0.0000E+00
-3.2021E+02 0.0000E+00
-3.1688E+02 0.0000E+00
-3.1354E+02 0.0000E+00
-3.1021E+02 0.0000E+00
-3.0687E+02 0.0000E+00
-3.0354E+02 0.0000E+00
-3.0020E+02 0.0000E+00
-2.9687E+02 0.0000E+00
-2.9353E+02 0.0000E+00
-2.9019E+02 0.0000E+00
-2.8686E+02 0.0000E+00
-2.8352E+02 0.0000E+00
-2.8019E+02 0.0000E+00
-2.7685E+02 0.0000E+00
-2.7352E+02 0.0000E+00
-2.7018E+02 0.0000E+00
-2.6685E+02 0.0000E+00
-2.6351E+02 0.0000E+00
-2.6017E+02 0.0000E+00
-2.5684E+02 0.0000E+00
-2.5350E+02 0.0000E+00
-2.5017E+02 0.0000E+00
-2.4683E+02 0.0000E+00
-2.4350E+02 0.0000E+00
-2.4016E+02 0.0000E+00
-2.3683E+02 0.0000E+00
-2.3349E+02 0.0000E+00
-2.3015E+02 0.0000E+00
-2.2682E+02 0.0000E+00
-2.2348E+02 0.0000E+00
-2.2015E+02 0.0000E+00
-2.1681E+02 0.0000E+00
-2.1348E+02 0.0000E+00
-2.1014E+02 0.0000E+00
-2.0681E+02 0.0000E+00
-2.0347E+02 0.0000E+00
-2.0013E+02 0.0000E+00
-1.9680E+02 0.0000E+00
-1.9346E+02 0.0000E+00
-1.9013E+02 0.0000E+00
-1.8679E+02 0.0000E+00
-1.8346E+02 0.0000E+00
-1.8012E+02 0.0000E+00
-1.7679E+02 0.0000E+00
-1.7345E+02 0.0000E+00
-1.7011E+02 0.0000E+00
-1.6678E+02 0.0000E+00
-1.6344E+02 0.0000E+00
-1.6011E+02 0.0000E+00
-1.5677E+02 0.0000E+00
-1.5344E+02 0.0000E+00
-1.5010E+02 0.0000E+00
-1.4677E+02 0.0000E+00
-1.4343E+02 0.0000E+00
-1.4009E+02 0.0000E+00
-1.3676E+02 0.0000E+00
-1.3342E+02 0.0000E+00
-1.3009E+02 0.0000E+00
-1.2675E+02 0.0000E+00
-1.2342E+02 0.0000E+00
-1.2008E+02 0.0000E+00
-1.1675E+02 0.0000E+00
-1.1341E+02 0.0000E+00
-1.1007E+02 0.0000E+00
-1.0674E+02 0.0000E+00
-1.0340E+02 0.0000E+00
-1.0007E+02 0.0000E+00
-9.6732E+01 0.0000E+00
-9.3397E+01 0.0000E+00
-9.0061E+01 0.0000E+00
-8.6726E+01 0.0000E+00
-8.3390E+01 0.0000E+00
-8.0055E+01 0.0000E+00
-7.6719E+01 0.0000E+00
-7.3384E+01 0.0000E+00
-7.0048E+01 0.0000E+00
-6.6712E+01 0.0000E+00
-6.3377E+01 0.0000E+00
-6.0041E+01 0.0000E+00
-5.6706E+01 0.0000E+00
-5.3370E+01 0.0000E+00
-5.0035E+01 0.0000E+00
-4.6699E+01 0.0000E+00
-4.3363E+01 0.0000E+00
-4.0028E+01 0.0000E+00
-3.6692E+01 0.0000E+00
-3.3357E+01 0.0000E+00
-3.0021E+01 0.0000E+00
-2.6686E+01 0.0000E+00
-2.3350E+01 0.0000E+00
-2.0015E+01 0.0000E+00
-1.6679E+01 0.0000E+00
-1.3343E+01 0.0000E+00
-1.0008E+01 0.0000E+00
-6.6724E+00 0.0000E+00
-3.3368E+00 0.0000E+00
-1.2442E-03 0.0000E+00
 3.3343E+00 0.0000E+00
 6.6699E+00 0.0000E+00
 1.0005E+01 0.0000E+00
 1.3341E+01 0.0000E+00
 1.6677E+01 0.0000E+00
 2.0012E+01 0.0000E+00
 2.3348E+01 0.0000E+00
 2.6683E+01 0.0000E+00
 3.0019E+01 0.0000E+00
 3.3354E+01 0.0000E+00
 3.6690E+01 0.0000E+00
 4.0025E+01 0.0000E+00
 4.3361E+01 0.0000E+00
 4.6697E+01 0.0000E+00
 5.0032E+01 0.0000E+00
 5.3368E+01 0.0000E+00
 5.6703E+01 0.0000E+00
 6.0039E+01 0.0000E+00
 6.3374E+01 0.0000E+00
 6.6710E+01 0.0000E+00
 7.0045E+01 0.0000E+00
 7.3381E+01 0.0000E+00
 7.6717E+01 0.0000E+00
 8.0052E+01 0.0000E+00
 8.3388E+01 0.0000E+00
 8.6723E+01 0.0000E+00
 9.0059E+01 0.0000E+00
 9.3394E+01 0.0000E+00
 9.6730E+01 0.0000E+00
 1.0007E+02 0.0000E+00
 1.0340E+02 0.0000E+00
 1.0674E+02 0.0000E+00
 1.1007E+02 0.0000E+00
 1.1341E+02 0.0000E+00
 1.1674E+02 0.0000E+00
 1.2008E+02 0.0000E+00
 1.2341E+02 0.0000E+00
 1.2675E+02 0.0000E+00
 1.3009E+02 0.0000E+00
 1.3342E+02 0.0000E+00
 1.3676E+02 0.0000E+00
 1.4009E+02 0.0000E+00
 1.4343E+02 0.0000E+00
 1.4676E+02 0.0000E+00
 1.5010E+02 0.0000E+00
 1.5343E+02 0.0000E+00
 1.5677E+02 0.0000E+00
 1.6011E+02 0.0000E+00
 1.6344E+02 0.0000E+00
 1.6678E+02 0.0000E+00
 1.7011E+02 0.0000E+00
 1.7345E+02 0.0000E+00
 1.7678E+02 0.0000E+00
 1.8012E+02 0.0000E+00
 1.8345E+02 0.0000E+00
 1.8679E+02 0.0000E+00
 1.9013E+02 0.0000E+00
 1.9346E+02 0.0000E+00
 1.9680E+02 0.0000E+00
 2.0013E+02 0.0000E+00
 2.0347E+02 0.0000E+00
 2.0680E+02 0.0000E+00
 2.1014E+02 0.0000E+00
 2.1347E+02 0.0000E+00
 2.1681E+02 0.0000E+00
 2.2015E+02 0.0000E+00
 2.2348E+02 0.0000E+00
 2.2682E+02 0.0000E+00
 2.3015E+02 0.0000E+00
 2.3349E+02 0.0000E+00
 2.3682E+02 0.0000E+00
 2.4016E+02 0.0000E+00
 2.4349E+02 0.0000E+00
 2.4683E+02 0.0000E+00
 2.5017E+02 0.0000E+00
 2.5350E+02 0.0000E+00
 2.5684E+02 0.0000E+00
 2.6017E+02 0.0000E+00
 2.6351E+02 0.0000E+00
 2.6684E+02 0.0000E+00
 2.7018E+02 0.0000E+00
 2.7351E+02 0.0000E+00
 2.7685E+02 0.0000E+00
 2.8019E+02 0.0000E+00
 2.8352E+02 0.0000E+00
 2.8686E+02 0.0000E+00
 2.9019E+02 0.0000E+00
 2.9353E+02 0.0000E+00
 2.9686E+02 0.0000E+00
 3.0020E+02 0.0000E+00
 3.0353E+02 0.0000E+00
 3.0687E+02 0.0000E+00
 3.1021E+02 0.0000E+00
 3.1354E+02 0.0000E+00
 3.1688E+02 0.0000E+00
 3.2021E+02 0.0000E+00
 3.2355E+02 0.0000E+00
 3.2688E+02 0.0000E+00
 3.3022E+02 0.0000E+00
 3.3355E+02 0.0000E+00
