-3.3023E+02 8.8085E-01
-3.2689E+02 8.7873E-01
-3.2356E+02 8.7658E-01
-3.2022E+02 8.7440E-01
-3.1689E+02 8.7219E-01
-3.1355E+02 8.6994E-01
-3.1022E+02 8.6767E-01
-3.0688E+02 8.6535E-01
-3.0355E+02 8.6300E-01
-3.0021E+02 8.6062E-01
-2.9687E+02 8.5821E-01
-2.9354E+02 8.5576E-01
-2.9020E+02 8.5327E-01
-2.8687E+02 8.5075E-01
-2.8353E+02 8.4819E-01
-2.8020E+02 8.4560E-01
-2.7686E+02 8.4297E-01
-2.7353E+02 8.4030E-01
-2.7019E+02 8.3760E-01
-2.6685E+02 8.3486E-01
-2.6352E+02 8.3208E-01
-2.6018E+02 8.2927E-01
-2.5685E+02 8.2642E-01
-2.5351E+02 8.2353E-01
-2.5018E+02 8.2061E-01
-2.4684E+02 8.1764E-01
-2.4351E+02 8.1464E-01
-2.4017E+02 8.1160E-01
-2.3683E+02 8.0853E-01
-2.3350E+02 8.0541E-01
-2.3016E+02 8.0226E-01
-2.2683E+02 7.9907E-01
-2.2349E+02 7.9584E-01
-2.2016E+02 7.9257E-01
-2.1682E+02 7.8926E-01
-2.1349E+02 7.8591E-01
-2.1015E+02 7.8253E-01
-2.0681E+02 7.7911E-01
-2.0348E+02 7.7565E-01
-2.0014E+02 7.7215E-01
-1.9681E+02 7.6861E-01
-1.9347E+02 7.6503E-01
-1.9014E+02 7.6142E-01
-1.8680E+02 7.5777E-01
-1.8347E+02 7.5408E-01
-1.8013E+02 7.5035E-01
-1.7679E+02 7.4658E-01
-1.7346E+02 7.4278E-01
-1.7012E+02 7.3894E-01
-1.6679E+02 7.3506E-01
-1.6345E+02 7.3115E-01
-1.6012E+02 7.2720E-01
-1.5678E+02 7.2322E-01
-1.5345E+02 7.1919E-01
-1.5011E+02 7.1514E-01
-1.4677E+02 7.1105E-01
-1.4344E+02 7.0692E-01
-1.4010E+02 7.0276E-01
-1.3677E+02 6.9856E-01
-1.3343E+02 6.9434E-01
-1.3010E+02 6.9007E-01
-1.2676E+02 6.8578E-01
-1.2343E+02 6.8146E-01
-1.2009E+02 6.7710E-01
-1.1675E+02 6.7271E-01
-1.1342E+02 6.6829E-01
-1.1008E+02 6.6384E-01
-1.0675E+02 6.5937E-01
-1.0341E+02 6.5486E-01
-1.0008E+02 6.5032E-01
-9.6741E+01 6.4576E-01
-9.3405E+01 6.4117E-01
-9.0070E+01 6.3656E-01
-8.6734E+01 6.3192E-01
-8.3399E+01 6.2726E-01
-8.0063E+01 6.2257E-01
-7.6728E+01 6.1786E-01
-7.3392E+01 6.1312E-01
-7.0057E+01 6.0837E-01
-6.6721E+01 6.0359E-01
-6.3385E+01 5.9880E-01
-6.0050E+01 5.9399E-01
-5.6714E+01 5.8915E-01
-5.3379E+01 5.8430E-01
-5.0043E+01 5.7944E-01
-4.6708E+01 5.7456E-01
-4.3372E+01 5.6966E-01
-4.0037E+01 5.6475E-01
-3.6701E+01 5.5983E-01
-3.3365E+01 5.5489E-01
-3.0030E+01 5.4995E-01
-2.6694E+01 5.4499E-01
-2.3359E+01 5.4003E-01
-2.0023E+01 5.3506E-01
-1.6688E+01 5.3008E-01
-1.3352E+01 5.2510E-01
-1.0016E+01 5.2011E-01
-6.6809E+00 5.1511E-01
-3.3454E+00 5.1011E-01
-9.8242E-03 5.0512E-01
 3.3257E+00 5.0012E-01
 6.6613E+00 4.9512E-01
 9.9969E+00 4.9012E-01
 1.3332E+01 4.8512E-01
 1.6668E+01 4.8013E-01
 2.0004E+01 4.7514E-01
 2.3339E+01 4.7015E-01
 2.6675E+01 4.6517E-01
 3.0010E+01 4.6020E-01
 3.3346E+01 4.5524E-01
 3.6681E+01 4.5028E-01
 4.0017E+01 4.4534E-01
 4.3352E+01 4.4040E-01
 4.6688E+01 4.3548E-01
 5.0024E+01 4.3057E-01
 5.3359E+01 4.2567E-01
 5.6695E+01 4.2079E-01
 6.0030E+01 4.1592E-01
 6.3366E+01 4.1107E-01
 6.6701E+01 4.0624E-01
 7.0037E+01 5.6313E-05
 7.3372E+01 1.6791E-04
 7.6708E+01 2.7761E-04
 8.0044E+01 2.5652E-04
 8.3379E+01 9.8331E-04
 8.6715E+01 1.0115E-04
 9.0050E+01 2.1935E-24
 9.3386E+01 2.5996E-24
 9.6721E+01 2.9969E-24
 1.0006E+02 3.3213E-24
 1.0339E+02 3.5066E-24
 1.0673E+02 3.5060E-24
 1.1006E+02 7.9614E-26
 1.1340E+02 7.5369E-26
 1.1673E+02 7.1345E-26
 1.2007E+02 5.9067E-26
 1.2341E+02 3.8973E-31
 1.2674E+02 6.1634E-39
 1.3008E+02 0.0000E+00
 1.3341E+02 0.0000E+00
 1.3675E+02 0.0000E+00
 1.4008E+02 0.0000E+00
 1.4342E+02 0.0000E+00
 1.4675E+02 0.0000E+00
 1.5009E+02 0.0000E+00
 1.5343E+02 0.0000E+00
 1.5676E+02 0.0000E+00
 1.6010E+02 0.0000E+00
 1.6343E+02 0.0000E+00
 1.6677E+02 0.0000E+00
 1.7010E+02 0.0000E+00
 1.7344E+02 0.0000E+00
 1.7677E+02 0.0000E+00
 1.8011E+02 0.0000E+00
 1.8345E+02 0.0000E+00
 1.8678E+02 0.0000E+00
 1.9012E+02 0.0000E+00
 1.9345E+02 0.0000E+00
 1.9679E+02 0.0000E+00
 2.0012E+02 0.0000E+00
 2.0346E+02 0.0000E+00
 2.0679E+02 0.0000E+00
 2.1013E+02 0.0000E+00
 2.1347E+02 0.0000E+00
 2.1680E+02 0.0000E+00
 2.2014E+02 0.0000E+00
 2.2347E+02 0.0000E+00
 2.2681E+02 0.0000E+00
 2.3014E+02 0.0000E+00
 2.3348E+02 0.0000E+00
 2.3681E+02 0.0000E+00
 2.4015E+02 0.0000E+00
 2.4349E+02 0.0000E+00
 2.4682E+02 0.0000E+00
 2.5016E+02 0.0000E+00
 2.5349E+02 0.0000E+00
 2.5683E+02 0.0000E+00
 2.6016E+02 0.0000E+00
 2.6350E+02 0.0000E+00
 2.6683E+02 0.0000E+00
 2.7017E+02 0.0000E+00
 2.7351E+02 0.0000E+00
 2.7684E+02 0.0000E+00
 2.8018E+02 0.0000E+00
 2.8351E+02 0.0000E+00
 2.8685E+02 0.0000E+00
 2.9018E+02 0.0000E+00
 2.9352E+02 0.0000E+00
 2.9685E+02 0.0000E+00
 3.0019E+02 0.0000E+00
 3.0353E+02 0.0000E+00
 3.0686E+02 0.0000E+00
 3.1020E+02 0.0000E+00
 3.1353E+02 0.0000E+00
 3.1687E+02 0.0000E+00
 3.2020E+02 0.0000E+00
 3.2354E+02 0.0000E+00
 3.2687E+02 0.0000E+00
 3.3021E+02 0.0000E+00
 3.3355E+02 0.0000E+00
