   500   201   1   1   0   1      r             |a|^2     emarz=-500.0mu  
  1300   200   1   1   0   1      t/fs            |a|^2   emazz=-500.0mu  
 -1350   200   1   1   0   1      t/fs          arg(a)    emphz=-500.0mu  
 -3.3000E+02  3.3000E+02  1.3342E+02 -4.0000E+00  4.0000E+00  2.0000E+00
  -200   201   1   1   0   1      r             ne        rherz=-500.0mu  
  0.0000E+00  5.0000E+01  4.0000E+01  0.0000E+00  1.5000E+00  5.0000E-01
 -1000   200   1   1   0   1      t/fs          na        natzz=-500.0mu  
 -3.3000E+02  3.3000E+02  1.3342E+02  0.0000E+00  1.5000E+00  5.0000E-01
 -1100   200   1   1   0   1      t/fs          ne        rhezz=-500.0mu  
 -3.3000E+02  3.3000E+02  1.3342E+02  0.0000E+00  1.5000E+00  5.0000E-01
 -1050   200   1   1   0   1      t/fs          ni(1+)    ni1zz=-500.0mu  
 -3.3000E+02  3.3000E+02  1.3342E+02  0.0000E+00  1.5000E+00  5.0000E-01
 -1150   200   1   1   0   1      t/fs          ni(2+)    ni2zz=-500.0mu  
 -3.3000E+02  3.3000E+02  1.3342E+02  0.0000E+00  1.5000E+00  5.0000E-01
 -1200   200   1   1   0   1      t/fs          n0        ni0zz=-500.0mu  
 -3.3000E+02  3.3000E+02  1.3342E+02  0.0000E+00  1.5000E+00  5.0000E-01
   501   201   1   1   0   1      r             |a|^2     emarz=0.0mu     
  1301   200   1   1   0   1      t/fs            |a|^2   emazz=0.0mu     
 -1351   200   1   1   0   1      t/fs          arg(a)    emphz=0.0mu     
 -3.3000E+02  3.3000E+02  1.3342E+02 -4.0000E+00  4.0000E+00  2.0000E+00
  -201   201   1   1   0   1      r             ne        rherz=0.0mu     
  0.0000E+00  5.0000E+01  4.0000E+01  0.0000E+00  1.5000E+00  5.0000E-01
 -1001   200   1   1   0   1      t/fs          na        natzz=0.0mu     
 -3.3000E+02  3.3000E+02  1.3342E+02  0.0000E+00  1.5000E+00  5.0000E-01
 -1101   200   1   1   0   1      t/fs          ne        rhezz=0.0mu     
 -3.3000E+02  3.3000E+02  1.3342E+02  0.0000E+00  1.5000E+00  5.0000E-01
 -1051   200   1   1   0   1      t/fs          ni(1+)    ni1zz=0.0mu     
 -3.3000E+02  3.3000E+02  1.3342E+02  0.0000E+00  1.5000E+00  5.0000E-01
 -1151   200   1   1   0   1      t/fs          ni(2+)    ni2zz=0.0mu     
 -3.3000E+02  3.3000E+02  1.3342E+02  0.0000E+00  1.5000E+00  5.0000E-01
 -1201   200   1   1   0   1      t/fs          n0        ni0zz=0.0mu     
 -3.3000E+02  3.3000E+02  1.3342E+02  0.0000E+00  1.5000E+00  5.0000E-01
   502   201   1   1   0   1      r             |a|^2     emarz=500.0mu   
  1302   200   1   1   0   1      t/fs            |a|^2   emazz=500.0mu   
 -1352   200   1   1   0   1      t/fs          arg(a)    emphz=500.0mu   
 -3.3000E+02  3.3000E+02  1.3342E+02 -4.0000E+00  4.0000E+00  2.0000E+00
  -202   201   1   1   0   1      r             ne        rherz=500.0mu   
  0.0000E+00  5.0000E+01  4.0000E+01  0.0000E+00  1.5000E+00  5.0000E-01
 -1002   200   1   1   0   1      t/fs          na        natzz=500.0mu   
 -3.3000E+02  3.3000E+02  1.3342E+02  0.0000E+00  1.5000E+00  5.0000E-01
 -1102   200   1   1   0   1      t/fs          ne        rhezz=500.0mu   
 -3.3000E+02  3.3000E+02  1.3342E+02  0.0000E+00  1.5000E+00  5.0000E-01
 -1052   200   1   1   0   1      t/fs          ni(1+)    ni1zz=500.0mu   
 -3.3000E+02  3.3000E+02  1.3342E+02  0.0000E+00  1.5000E+00  5.0000E-01
 -1152   200   1   1   0   1      t/fs          ni(2+)    ni2zz=500.0mu   
 -3.3000E+02  3.3000E+02  1.3342E+02  0.0000E+00  1.5000E+00  5.0000E-01
 -1202   200   1   1   0   1      t/fs          n0        ni0zz=500.0mu   
 -3.3000E+02  3.3000E+02  1.3342E+02  0.0000E+00  1.5000E+00  5.0000E-01
   503   201   1   1   0   1      r             |a|^2     emarz=900.0mu   
  1303   200   1   1   0   1      t/fs            |a|^2   emazz=900.0mu   
 -1353   200   1   1   0   1      t/fs          arg(a)    emphz=900.0mu   
 -3.3000E+02  3.3000E+02  1.3342E+02 -4.0000E+00  4.0000E+00  2.0000E+00
  -203   201   1   1   0   1      r             ne        rherz=900.0mu   
  0.0000E+00  5.0000E+01  4.0000E+01  0.0000E+00  1.5000E+00  5.0000E-01
 -1003   200   1   1   0   1      t/fs          na        natzz=900.0mu   
 -3.3000E+02  3.3000E+02  1.3342E+02  0.0000E+00  1.5000E+00  5.0000E-01
 -1103   200   1   1   0   1      t/fs          ne        rhezz=900.0mu   
 -3.3000E+02  3.3000E+02  1.3342E+02  0.0000E+00  1.5000E+00  5.0000E-01
 -1053   200   1   1   0   1      t/fs          ni(1+)    ni1zz=900.0mu   
 -3.3000E+02  3.3000E+02  1.3342E+02  0.0000E+00  1.5000E+00  5.0000E-01
 -1153   200   1   1   0   1      t/fs          ni(2+)    ni2zz=900.0mu   
 -3.3000E+02  3.3000E+02  1.3342E+02  0.0000E+00  1.5000E+00  5.0000E-01
 -1203   200   1   1   0   1      t/fs          n0        ni0zz=900.0mu   
 -3.3000E+02  3.3000E+02  1.3342E+02  0.0000E+00  1.5000E+00  5.0000E-01
   504   201   1   1   0   1      r             |a|^2     emarz=1499.9mu  
  1304   200   1   1   0   1      t/fs            |a|^2   emazz=1499.9mu  
 -1354   200   1   1   0   1      t/fs          arg(a)    emphz=1499.9mu  
 -3.3000E+02  3.3000E+02  1.3342E+02 -4.0000E+00  4.0000E+00  2.0000E+00
  -204   201   1   1   0   1      r             ne        rherz=1499.9mu  
  0.0000E+00  5.0000E+01  4.0000E+01  0.0000E+00  1.5000E+00  5.0000E-01
 -1004   200   1   1   0   1      t/fs          na        natzz=1499.9mu  
 -3.3000E+02  3.3000E+02  1.3342E+02  0.0000E+00  1.5000E+00  5.0000E-01
 -1104   200   1   1   0   1      t/fs          ne        rhezz=1499.9mu  
 -3.3000E+02  3.3000E+02  1.3342E+02  0.0000E+00  1.5000E+00  5.0000E-01
 -1054   200   1   1   0   1      t/fs          ni(1+)    ni1zz=1499.9mu  
 -3.3000E+02  3.3000E+02  1.3342E+02  0.0000E+00  1.5000E+00  5.0000E-01
 -1154   200   1   1   0   1      t/fs          ni(2+)    ni2zz=1499.9mu  
 -3.3000E+02  3.3000E+02  1.3342E+02  0.0000E+00  1.5000E+00  5.0000E-01
 -1204   200   1   1   0   1      t/fs          n0        ni0zz=1499.9mu  
 -3.3000E+02  3.3000E+02  1.3342E+02  0.0000E+00  1.5000E+00  5.0000E-01
  5000   200   1   1   0   1  z (microns)     Action      emac            
  5100   200   1   1   0   1  z (microns)  r_{1/e} (mu)   rmsb            
  5150   200   1   1   0   1  z (microns)   r(P_0/2) (mu) rpo2            
  5200   200   1   1   0   1  z (microns)       H         hami            
  5350   200   1   1   0   1  z (microns)    I0/Wcm^{-2}  i0r0            
  5300   200   1   1   0   1  z (microns)      I/I0(r=0)  a2r0            
  5600   200   1   1   0   1  z (microns)      Phi(0,0)   aphi            
  5400   200   1   1   0   1  z (microns)     n_e(r=0)    rer0            
  5420   200   1   1   0   1  z (microns)   n_{gas}(r=0)  nar0            
  5440   200   1   1   0   1  z (microns)     n_0         n0r0            
  5450   200   1   1   0   1  z (microns)     n_i(1+)     n1r0            
  5460   200   1   1   0   1  z (microns)     n_i(2+)     n2r0            
  5500   200   1   1   0   1  z (microns)   Thomson (w0)  a2ne            
  6000   200   1   1   0   1  z (microns)     Qtot        rhet            
