      -490.0000         9.3822
      -480.0000         9.3260
      -470.0000         9.2702
      -460.0000         9.2148
      -450.0000         9.1600
      -440.0000         9.1056
      -430.0000         9.0516
      -420.0000         8.9981
      -410.0000         8.9450
      -400.0000         8.8929
      -390.0000         8.8417
      -380.0000         8.7911
      -370.0000         8.7410
      -360.0000         8.6913
      -350.0000         8.6422
      -340.0000         8.5938
      -330.0000         8.5459
      -320.0000         8.4987
      -310.0000         8.4523
      -300.0000         8.4707
      -290.0000         8.4326
      -280.0000         8.3954
      -270.0000         8.3591
      -260.0000         8.3237
      -250.0000         8.2892
      -240.0000         8.2557
      -230.0000         8.2232
      -220.0000         8.1917
      -210.0000         8.1613
      -200.0000         8.1320
      -190.0000         8.1037
      -180.0000         8.0766
      -170.0000         8.0507
      -160.0000         8.0259
      -150.0000         8.0023
      -140.0000         7.9800
      -130.0000         7.9589
      -120.0000         7.9391
      -110.0000         7.9206
      -100.0000         7.9034
       -90.0000         7.8876
       -80.0000         7.8695
       -70.0000         7.8465
       -60.0000         7.8186
       -50.0000         7.7854
       -40.0000         7.7467
       -30.0000         7.7024
       -20.0000         7.6522
       -10.0000         7.5954
         0.0000         7.5308
        10.0000         7.4571
        20.0000         7.4549
        30.0000         7.3918
        40.0000         7.3271
        50.0000         7.2524
        60.0001         7.1680
        70.0000         7.0765
        80.0000         6.9745
        90.0001         6.8591
       100.0000         6.7303
       110.0000         6.5897
       120.0000         6.4322
       130.0000         6.3646
       140.0000         6.2068
       150.0000         6.0276
       160.0000         5.8323
       170.0000         5.6166
       180.0000         5.4736
       190.0000         5.2436
       200.0000         4.9824
       210.0001         4.6736
       220.0000         4.4487
       230.0001         4.1533
       240.0000         3.7646
       250.0000         3.4457
       260.0000         3.0886
       270.0000         2.5248
       280.0000         2.0497
       290.0000         1.4076
       299.9999         0.9796
       310.0000         0.6362
       320.0000         0.4558
       330.0000         0.4897
       340.0000         0.6871
       350.0000         0.9005
       360.0000         1.0990
       370.0000         1.2582
       380.0001         1.4057
       390.0000         1.6107
       400.0001         2.3210
       410.0000         2.8862
       420.0000         3.4747
       430.0000         3.7364
       440.0000         4.0463
       450.0000         4.3042
       460.0000         4.4627
       470.0001         4.4284
       480.0000         4.6118
       490.0000         4.7035
       500.0000         4.7290
       510.0000         4.7863
       520.0000         4.8068
       530.0001         4.7656
       540.0000         4.7535
       550.0000         4.7292
       560.0001         4.6164
       570.0001         4.5115
       580.0000         4.3943
       590.0001         4.3407
       600.0001         4.1428
       610.0000         3.8236
       620.0002         3.4747
       630.0001         2.6752
       640.0001         2.1831
       650.0000         1.7969
       660.0001         1.3338
       670.0001         1.1694
       680.0001         1.4988
       690.0001         1.2394
       700.0001         1.5364
       710.0000         1.7930
       720.0000         2.0625
       730.0001         2.3281
       740.0001         2.4302
       750.0000         3.2075
       760.0001         3.7701
       770.0001         4.3783
       780.0000         4.7409
       790.0002         5.1209
       800.0001         5.4065
       810.0000         5.7051
       820.0000         5.9187
       830.0001         6.1199
       840.0001         6.3040
       850.0000         6.5022
       860.0001         6.5788
       870.0001         6.7809
       880.0001         6.9866
       890.0000         7.1240
       900.0001         7.2388
       910.0001         7.3882
       920.0001         7.4014
       929.9999         7.5161
       940.0001         7.7133
       950.0000         7.6426
       960.0002         7.7972
       970.0001         8.0417
       980.0000         8.5311
       990.0000         8.8424
      1000.0001         9.4643
      1010.0001         9.5419
      1020.0000         9.8219
      1030.0000        10.3307
      1040.0001        10.6706
      1050.0001        11.0914
      1060.0000        11.1907
      1070.0001        11.3814
      1080.0001        11.7306
      1090.0001        12.0648
      1099.9999        12.2831
      1110.0001        12.4808
      1120.0000        12.9430
      1130.0001        13.2330
      1140.0001        13.3985
      1150.0000        13.7038
      1160.0000        14.0961
      1170.0000        14.4172
      1180.0001        14.5764
      1190.0000        14.9458
      1200.0000        15.2734
      1210.0001        15.5812
      1220.0001        15.8274
      1230.0000        16.1183
      1240.0001        16.4255
      1250.0001        16.7702
      1260.0001        17.0901
      1270.0001        17.3564
      1280.0001        17.6979
      1290.0000        18.0286
      1300.0001        18.3245
      1310.0001        18.6144
      1320.0000        18.9646
      1330.0000        19.2504
      1340.0000        19.4909
      1350.0001        19.8391
      1360.0000        20.1499
      1370.0000        20.4019
      1380.0001        20.6600
      1390.0001        21.0008
      1400.0000        21.3065
      1410.0001        21.4861
      1420.0001        21.8084
      1430.0001        22.1136
      1440.0001        22.4094
      1450.0001        22.5891
      1460.0000        22.9204
      1470.0001        23.2230
      1480.0001        23.5000
      1490.0000        23.7201
      1500.0000        24.0273
