      -490.0000        11.4965
      -480.0000        11.4306
      -470.0000        11.3651
      -460.0000        11.2999
      -450.0000        11.2351
      -440.0000        11.1706
      -430.0000        11.1065
      -420.0000        11.0429
      -410.0000        10.9796
      -400.0000        10.9167
      -390.0000        10.8540
      -380.0000        10.7920
      -370.0000        10.7311
      -360.0000        10.6709
      -350.0000        10.6114
      -340.0000        10.5526
      -330.0000        10.4943
      -320.0000        10.4871
      -310.0000        10.4402
      -300.0000        10.3941
      -290.0000        10.3488
      -280.0000        10.3045
      -270.0000        10.2610
      -260.0000        10.2185
      -250.0000        10.1770
      -240.0000        10.1366
      -230.0000        10.0972
      -220.0000        10.0590
      -210.0000        10.0220
      -200.0000         9.9862
      -190.0000         9.9516
      -180.0000         9.9183
      -170.0000         9.8864
      -160.0000         9.8559
      -150.0000         9.8268
      -140.0000         9.7992
      -130.0000         9.7730
      -120.0000         9.7484
      -110.0000         9.7254
      -100.0000         9.7040
       -90.0000         9.6842
       -80.0000         9.6627
       -70.0000         9.6372
       -60.0000         9.6074
       -50.0000         9.5731
       -40.0000         9.5341
       -30.0000         9.4899
       -20.0000         9.4940
       -10.0000         9.4493
         0.0000         9.4041
        10.0000         9.3606
        20.0000         9.3122
        30.0000         9.2517
        40.0000         9.1823
        50.0000         9.1060
        60.0001         9.0184
        70.0000         8.9188
        80.0000         8.8097
        90.0001         8.6916
       100.0000         8.5589
       110.0000         8.4765
       120.0000         8.3483
       130.0000         8.2014
       140.0000         8.0470
       150.0000         7.8858
       160.0000         7.7076
       170.0000         7.4947
       180.0000         7.3717
       190.0000         7.1906
       200.0000         6.9686
       210.0001         6.7042
       220.0000         6.4901
       230.0001         6.2326
       240.0000         5.9244
       250.0000         5.5802
       260.0000         5.3031
       270.0000         4.9094
       280.0000         4.4975
       290.0000         4.2767
       299.9999         3.9617
       310.0000         3.5832
       320.0000         3.3858
       330.0000         3.3592
       340.0000         3.5087
       350.0000         3.7199
       360.0000         4.1242
       370.0000         4.4934
       380.0001         4.7316
       390.0000         5.0557
       400.0001         5.3537
       410.0000         5.5211
       420.0000         5.6694
       430.0000         5.8674
       440.0000         6.0453
       450.0000         6.1873
       460.0000         6.3051
       470.0001         6.4137
       480.0000         6.4542
       490.0000         6.5022
       500.0000         6.5991
       510.0000         6.7209
       520.0000         6.7660
       530.0001         6.8236
       540.0000         6.9148
       550.0000         6.9508
       560.0001         6.9740
       570.0001         7.0560
       580.0000         7.1239
       590.0001         7.1408
       600.0001         7.1645
       610.0000         7.2253
       620.0002         7.2885
       630.0001         7.3338
       640.0001         7.4549
       650.0000         7.4753
       660.0001         7.5732
       670.0001         7.7852
       680.0001         7.9344
       690.0001         8.1165
       700.0001         8.3295
       710.0000         8.5275
       720.0000         8.7211
       730.0001         8.9398
       740.0001         9.1926
       750.0000         9.4278
       760.0001         9.5935
       770.0001         9.8324
       780.0000        10.0987
       790.0002        10.3349
       800.0001        10.5156
       810.0000        10.7670
       820.0000        10.9649
       830.0001        11.1598
       840.0001        11.3502
       850.0000        11.5461
       860.0001        11.6629
       870.0001        11.8302
       880.0001        12.0022
       890.0000        12.0980
       900.0001        12.1973
       910.0001        12.4038
       920.0001        12.4932
       929.9999        12.5806
       940.0001        12.8148
       950.0000        12.9776
       960.0002        13.1598
       970.0001        13.3428
       980.0000        13.4666
       990.0000        13.5337
      1000.0001        13.7911
      1010.0001        13.8936
      1020.0000        14.0656
      1030.0000        14.4014
      1040.0001        15.0602
      1050.0001        15.7060
      1060.0000        16.3837
      1070.0001        17.0773
      1080.0001        17.7456
      1090.0001        18.3980
      1099.9999        19.0057
      1110.0001        19.5788
      1120.0000        20.2288
      1130.0001        20.8820
      1140.0001        21.5253
      1150.0000        22.1598
      1160.0000        22.7615
      1170.0000        23.3557
      1180.0001        23.9114
      1190.0000        24.4837
      1200.0000        25.1412
      1210.0001        25.8028
      1220.0001        26.4753
      1230.0000        27.0755
      1240.0001        27.6601
      1250.0001        28.2468
      1260.0001        28.8159
      1270.0001        29.4116
      1280.0001        30.0512
      1290.0000        30.6850
      1300.0001        31.2907
      1310.0001        31.8385
      1320.0000        32.4044
      1330.0000        33.0087
      1340.0000        33.6180
      1350.0001        34.2419
      1360.0000        34.8452
      1370.0000        35.4412
      1380.0001        35.9762
      1390.0001        36.4980
      1400.0000        37.1387
      1410.0001        37.7679
      1420.0001        38.3774
      1430.0001        38.9063
      1440.0001        39.4291
      1450.0001        39.9629
      1460.0000        40.5056
      1470.0001        41.1875
      1480.0001        41.8546
      1490.0000        42.5096
      1500.0000        43.0351
