      -490.0000        12.4860
      -480.0000        12.4512
      -470.0000        12.3809
      -460.0000        12.3109
      -450.0000        12.2411
      -440.0000        12.1715
      -430.0000        12.1023
      -420.0000        12.0333
      -410.0000        11.9647
      -400.0000        11.8966
      -390.0000        11.8286
      -380.0000        11.7606
      -370.0000        11.6933
      -360.0000        11.6270
      -350.0000        11.5615
      -340.0000        11.4966
      -330.0000        11.4805
      -320.0000        11.4289
      -310.0000        11.3782
      -300.0000        11.3283
      -290.0000        11.2791
      -280.0000        11.2309
      -270.0000        11.1837
      -260.0000        11.1373
      -250.0000        11.0921
      -240.0000        11.0478
      -230.0000        11.0048
      -220.0000        10.9628
      -210.0000        10.9221
      -200.0000        10.8827
      -190.0000        10.8446
      -180.0000        10.8079
      -170.0000        10.7726
      -160.0000        10.7388
      -150.0000        10.7066
      -140.0000        10.6759
      -130.0000        10.6468
      -120.0000        10.6195
      -110.0000        10.5939
      -100.0000        10.5700
       -90.0000        10.5479
       -80.0000        10.5246
       -70.0000        10.4976
       -60.0000        10.4669
       -50.0000        10.4840
       -40.0000        10.4529
       -30.0000        10.4181
       -20.0000        10.3804
       -10.0000        10.3430
         0.0000        10.3063
        10.0000        10.2631
        20.0000        10.2073
        30.0000        10.1428
        40.0000        10.0722
        50.0000         9.9907
        60.0001         9.8977
        70.0000         9.7965
        80.0000         9.6878
        90.0001         9.5650
       100.0000         9.4864
       110.0000         9.3715
       120.0000         9.2397
       130.0000         9.1054
       140.0000         8.9688
       150.0000         8.8157
       160.0000         8.6327
       170.0000         8.4908
       180.0000         8.3288
       190.0000         8.1441
       200.0000         7.9547
       210.0001         7.7431
       220.0000         7.4986
       230.0001         7.3243
       240.0000         7.0806
       250.0000         6.7952
       260.0000         6.4966
       270.0000         6.2565
       280.0000         5.9006
       290.0000         5.5278
       299.9999         5.3269
       310.0000         5.1440
       320.0000         4.9992
       330.0000         4.9063
       340.0000         4.9747
       350.0000         5.1798
       360.0000         5.3701
       370.0000         5.4720
       380.0001         5.6882
       390.0000         5.8987
       400.0001         6.1484
       410.0000         6.3603
       420.0000         6.5031
       430.0000         6.6819
       440.0000         6.8411
       450.0000         7.0254
       460.0000         7.1693
       470.0001         7.2861
       480.0000         7.4264
       490.0000         7.5037
       500.0000         7.5764
       510.0000         7.7144
       520.0000         7.8758
       530.0001         7.9859
       540.0000         8.0578
       550.0000         8.1797
       560.0001         8.3109
       570.0001         8.3408
       580.0000         8.4390
       590.0001         8.5542
       600.0001         8.6659
       610.0000         8.7400
       620.0002         8.8497
       630.0001         8.9904
       640.0001         9.0783
       650.0000         9.2222
       660.0001         9.3695
       670.0001         9.4710
       680.0001         9.6359
       690.0001         9.8434
       700.0001        10.0439
       710.0000        10.2057
       720.0000        10.4361
       730.0001        10.6523
       740.0001        10.8651
       750.0000        11.0812
       760.0001        11.3342
       770.0001        11.5920
       780.0000        11.8051
       790.0002        12.0507
       800.0001        12.2773
       810.0000        12.4872
       820.0000        12.6428
       830.0001        12.8579
       840.0001        13.0419
       850.0000        13.1919
       860.0001        13.3762
       870.0001        13.5454
       880.0001        13.6462
       890.0000        13.8766
       900.0001        14.0926
       910.0001        14.3042
       920.0001        14.4685
       929.9999        14.7393
       940.0001        15.0129
       950.0000        15.2033
       960.0002        15.3514
       970.0001        15.6474
       980.0000        15.8705
       990.0000        16.1170
      1000.0001        16.3460
      1010.0001        16.6060
      1020.0000        16.7933
      1030.0000        17.0732
      1040.0001        17.3587
      1050.0001        17.4342
      1060.0000        17.6602
      1070.0001        18.2882
      1080.0001        19.0011
      1090.0001        19.6792
      1099.9999        20.3906
      1110.0001        21.1122
      1120.0000        21.7785
      1130.0001        22.4227
      1140.0001        23.0857
      1150.0000        23.6963
      1160.0000        24.3793
      1170.0000        25.1253
      1180.0001        25.8472
      1190.0000        26.5412
      1200.0000        27.2470
      1210.0001        27.8892
      1220.0001        28.4883
      1230.0000        29.1747
      1240.0001        29.8454
      1250.0001        30.5036
      1260.0001        31.3060
      1270.0001        32.0872
      1280.0001        32.8446
      1290.0000        33.5702
      1300.0001        34.2521
      1310.0001        34.8420
      1320.0000        35.4123
      1330.0000        36.0959
      1340.0000        36.7702
      1350.0001        37.4593
      1360.0000        38.1954
      1370.0000        38.9236
      1380.0001        39.6354
      1390.0001        40.3170
      1400.0000        40.9501
      1410.0001        41.5546
      1420.0001        42.2950
      1430.0001        43.0404
      1440.0001        43.7780
      1450.0001        44.5086
      1460.0000        45.1867
      1470.0001        45.8068
      1480.0001        46.4091
      1490.0000        47.0295
      1500.0000        47.6204
