      -490.0000        16.1581
      -480.0000        16.0631
      -470.0000        15.9674
      -460.0000        15.8710
      -450.0000        15.7738
      -440.0000        15.6759
      -430.0000        15.5773
      -420.0000        15.4780
      -410.0000        15.4302
      -400.0000        15.3524
      -390.0000        15.2746
      -380.0000        15.1969
      -370.0000        15.1195
      -360.0000        15.0425
      -350.0000        14.9653
      -340.0000        14.8877
      -330.0000        14.8105
      -320.0000        14.7339
      -310.0000        14.6579
      -300.0000        14.5828
      -290.0000        14.5085
      -280.0000        14.4767
      -270.0000        14.4213
      -260.0000        14.3669
      -250.0000        14.3137
      -240.0000        14.2615
      -230.0000        14.2105
      -220.0000        14.1607
      -210.0000        14.1122
      -200.0000        14.0651
      -190.0000        14.0193
      -180.0000        13.9751
      -170.0000        13.9325
      -160.0000        13.8915
      -150.0000        13.8523
      -140.0000        13.8149
      -130.0000        13.7793
      -120.0000        13.7458
      -110.0000        13.7143
      -100.0000        13.6849
       -90.0000        13.6577
       -80.0000        13.6308
       -70.0000        13.6030
       -60.0000        13.5743
       -50.0000        13.5455
       -40.0000        13.5172
       -30.0000        13.4831
       -20.0000        13.4755
       -10.0000        13.4244
         0.0000        13.3745
        10.0000        13.3229
        20.0000        13.2625
        30.0000        13.2009
        40.0000        13.1402
        50.0000        13.0726
        60.0001        13.0005
        70.0000        12.9274
        80.0000        12.8483
        90.0001        12.7649
       100.0000        12.6955
       110.0000        12.6142
       120.0000        12.4862
       130.0000        12.4510
       140.0000        12.3812
       150.0000        12.2870
       160.0000        12.2183
       170.0000        12.1356
       180.0000        12.0409
       190.0000        11.9598
       200.0000        11.8737
       210.0001        11.7465
       220.0000        11.6357
       230.0001        11.5373
       240.0000        11.4251
       250.0000        11.3933
       260.0000        11.3227
       270.0000        11.1901
       280.0000        11.1378
       290.0000        11.0578
       299.9999        10.9148
       310.0000        10.8468
       320.0000        10.8747
       330.0000        10.8027
       340.0000        10.7504
       350.0000        10.7161
       360.0000        10.4248
       370.0000        10.1867
       380.0001         9.7526
       390.0000         9.6894
       400.0001         9.7392
       410.0000         9.8713
       420.0000        10.0749
       430.0000        10.2712
       440.0000        10.5800
       450.0000        11.1612
       460.0000        11.7573
       470.0001        12.4312
       480.0000        13.1870
       490.0000        13.8979
       500.0000        14.4837
       510.0000        15.1108
       520.0000        15.6096
       530.0001        16.2248
       540.0000        16.8508
       550.0000        17.3427
       560.0001        17.8331
       570.0001        18.3452
       580.0000        18.8929
       590.0001        19.6258
       600.0001        20.4605
       610.0000        21.2986
       620.0002        22.1771
       630.0001        23.0960
       640.0001        24.0468
       650.0000        24.9972
       660.0001        25.9414
       670.0001        26.9175
       680.0001        27.8625
       690.0001        28.7311
       700.0001        29.5274
       710.0000        30.1861
       720.0000        30.8352
       730.0001        31.5393
       740.0001        32.4094
       750.0000        33.3111
       760.0001        34.2185
       770.0001        35.1100
       780.0000        35.9940
       790.0002        36.8778
       800.0001        37.7725
       810.0000        38.6715
       820.0000        39.5683
       830.0001        40.4794
       840.0001        41.3917
       850.0000        42.2806
       860.0001        43.1161
       870.0001        43.8283
       880.0001        44.4452
       890.0000        45.2113
       900.0001        45.9487
       910.0001        46.6888
       920.0001        47.4913
       929.9999        48.4134
       940.0001        49.3580
       950.0000        50.2951
       960.0002        51.1849
       970.0001        52.0102
       980.0000        52.7902
       990.0000        53.5581
      1000.0001        54.3060
      1010.0001        54.9944
      1020.0000        55.6521
      1030.0000        56.4232
      1040.0001        57.2941
      1050.0001        58.1844
      1060.0000        59.0991
      1070.0001        60.0439
      1080.0001        61.0147
      1090.0001        61.9993
      1099.9999        62.9845
      1110.0001        63.9701
      1120.0000        64.9642
      1130.0001        65.9677
      1140.0001        66.9774
      1150.0000        67.9874
      1160.0000        69.0087
      1170.0000        70.0410
      1180.0001        71.0745
      1190.0000        72.0976
      1200.0000        73.0998
      1210.0001        74.0793
      1220.0001        75.0451
      1230.0000        76.0038
      1240.0001        76.9576
      1250.0001        77.8965
      1260.0001        78.8018
      1270.0001        79.6478
      1280.0001        80.4161
      1290.0000        81.1100
      1300.0001        81.7545
      1310.0001        82.3473
      1320.0000        82.8804
      1330.0000        83.4691
      1340.0000        84.2050
      1350.0001        84.9694
      1360.0000        85.7515
      1370.0000        86.5355
      1380.0001        87.3847
      1390.0001        88.2286
      1400.0000        89.0417
      1410.0001        89.8101
      1420.0001        90.5234
      1430.0001        91.1195
      1440.0001        91.6933
      1450.0001        92.2688
      1460.0000        92.8562
      1470.0001        93.4888
      1480.0001        94.2982
      1490.0000        95.0944
      1500.0000        95.8770
