 0.0000E+00 1.2262E-02
 1.0000E+00 1.0873E+00
 2.0000E+00 1.0539E+00
 3.0000E+00 9.8168E-01
 4.0000E+00 1.0222E+00
 5.0000E+00 9.9125E-01
 6.0000E+00 9.9896E-01
 7.0000E+00 1.0082E+00
 8.0000E+00 9.9157E-01
 9.0000E+00 1.0060E+00
 1.0000E+01 1.0002E+00
 1.1000E+01 9.9922E-01
 1.2000E+01 1.0004E+00
 1.3000E+01 1.0017E+00
 1.4000E+01 9.9948E-01
 1.5000E+01 9.9930E-01
 1.6000E+01 7.7464E-01
 1.7000E+01 8.1499E-01
 1.8000E+01 5.0525E-01
 1.9000E+01 5.0180E-01
 2.0000E+01 6.2012E-01
 2.1000E+01 5.1732E-01
 2.2000E+01 5.0221E-01
 2.3000E+01 5.1993E-01
 2.4000E+01 5.2231E-01
 2.5000E+01 6.0928E-01
 2.6000E+01 5.4879E-01
 2.7000E+01 5.2401E-01
 2.8000E+01 6.7917E-01
 2.9000E+01 5.1478E-01
 3.0000E+01 5.2109E-01
 3.1000E+01 5.0779E-01
 3.2000E+01 5.0557E-01
 3.3000E+01 5.0656E-01
 3.4000E+01 5.0155E-01
 3.5000E+01 5.0127E-01
 3.6000E+01 5.0153E-01
 3.7000E+01 5.1735E-01
 3.8000E+01 5.1114E-01
 3.9000E+01 5.0213E-01
 4.0000E+01 5.0178E-01
 4.1000E+01 5.0018E-01
 4.2000E+01 5.0006E-01
 4.3000E+01 5.0009E-01
 4.4000E+01 4.9988E-01
 4.5000E+01 4.9997E-01
 4.6000E+01 5.0005E-01
 4.7000E+01 5.0003E-01
 4.8000E+01 5.0098E-01
 4.9000E+01 5.3841E-01
 5.0000E+01 5.1304E-01
 5.1000E+01 5.3306E-01
 5.2000E+01 5.2221E-01
 5.3000E+01 5.3381E-01
 5.4000E+01 5.4128E-01
 5.5000E+01 5.0915E-01
 5.6000E+01 5.0007E-01
 5.7000E+01 5.0019E-01
 5.8000E+01 4.9985E-01
 5.9000E+01 5.0014E-01
 6.0000E+01 4.9985E-01
 6.1000E+01 4.9443E-01
 6.2000E+01 3.7164E-01
 6.3000E+01 4.3284E-01
 6.4000E+01 7.3622E-02
 6.5000E+01 5.0090E-02
 6.6000E+01 1.9973E-01
 6.7000E+01 1.3821E-01
 6.8000E+01 3.1019E-02
 6.9000E+01 1.4396E-02
 7.0000E+01 1.7880E-02
 7.1000E+01 2.3096E-02
 7.2000E+01 1.7525E-02
 7.3000E+01 9.5910E-03
 7.4000E+01 6.5187E-03
 7.5000E+01 1.1161E-02
 7.6000E+01 4.4298E-02
 7.7000E+01 1.0567E-01
 7.8000E+01 5.3561E-02
 7.9000E+01 1.6042E-02
 8.0000E+01 6.8523E-03
 8.1000E+01 2.5241E-03
 8.2000E+01 6.2751E-04
 8.3000E+01 1.2626E-04
 8.4000E+01 3.3626E-05
 8.5000E+01 1.8484E-05
 8.6000E+01 1.9473E-05
 8.7000E+01 2.6994E-05
 8.8000E+01 3.3387E-05
 8.9000E+01 2.7119E-05
 9.0000E+01 1.0185E-05
 9.1000E+01 7.9741E-07
 9.2000E+01 0.0000E+00
 9.3000E+01 3.0546E-07
 9.4000E+01 7.3234E-07
 9.5000E+01 7.4059E-07
 9.6000E+01 5.7937E-07
 9.7000E+01 2.4698E-07
 9.8000E+01 2.4962E-07
 9.9000E+01 1.6757E-07
 1.0000E+02 0.0000E+00
 1.0100E+02 8.3792E-08
 1.0200E+02 0.0000E+00
 1.0300E+02 0.0000E+00
 1.0400E+02 0.0000E+00
 1.0500E+02 0.0000E+00
 1.0600E+02 0.0000E+00
 1.0700E+02 0.0000E+00
 1.0800E+02 0.0000E+00
 1.0900E+02 0.0000E+00
 1.1000E+02 0.0000E+00
 1.1100E+02 0.0000E+00
 1.1200E+02 0.0000E+00
 1.1300E+02 0.0000E+00
 1.1400E+02 0.0000E+00
 1.1500E+02 0.0000E+00
 1.1600E+02 0.0000E+00
 1.1700E+02 0.0000E+00
 1.1800E+02 0.0000E+00
 1.1900E+02 0.0000E+00
 1.2000E+02 0.0000E+00
 1.2100E+02 0.0000E+00
 1.2200E+02 0.0000E+00
 1.2300E+02 0.0000E+00
 1.2400E+02 0.0000E+00
 1.2500E+02 0.0000E+00
 1.2600E+02 0.0000E+00
 1.2700E+02 0.0000E+00
 1.2800E+02 0.0000E+00
 1.2900E+02 0.0000E+00
 1.3000E+02 0.0000E+00
 1.3100E+02 0.0000E+00
 1.3200E+02 0.0000E+00
 1.3300E+02 0.0000E+00
 1.3400E+02 0.0000E+00
 1.3500E+02 0.0000E+00
 1.3600E+02 0.0000E+00
 1.3700E+02 0.0000E+00
 1.3800E+02 0.0000E+00
 1.3900E+02 0.0000E+00
 1.4000E+02 0.0000E+00
 1.4100E+02 0.0000E+00
 1.4200E+02 0.0000E+00
 1.4300E+02 0.0000E+00
 1.4400E+02 0.0000E+00
 1.4500E+02 0.0000E+00
 1.4600E+02 0.0000E+00
 1.4700E+02 0.0000E+00
 1.4800E+02 0.0000E+00
 1.4900E+02 0.0000E+00
 1.5000E+02 0.0000E+00
 1.5100E+02 0.0000E+00
 1.5200E+02 0.0000E+00
 1.5300E+02 0.0000E+00
 1.5400E+02 0.0000E+00
 1.5500E+02 0.0000E+00
 1.5600E+02 0.0000E+00
 1.5700E+02 0.0000E+00
 1.5800E+02 0.0000E+00
 1.5900E+02 0.0000E+00
 1.6000E+02 0.0000E+00
 1.6100E+02 0.0000E+00
 1.6200E+02 0.0000E+00
 1.6300E+02 0.0000E+00
 1.6400E+02 0.0000E+00
 1.6500E+02 0.0000E+00
 1.6600E+02 0.0000E+00
 1.6700E+02 0.0000E+00
 1.6800E+02 0.0000E+00
 1.6900E+02 0.0000E+00
 1.7000E+02 0.0000E+00
 1.7100E+02 0.0000E+00
 1.7200E+02 0.0000E+00
 1.7300E+02 0.0000E+00
 1.7400E+02 0.0000E+00
 1.7500E+02 0.0000E+00
 1.7600E+02 0.0000E+00
 1.7700E+02 0.0000E+00
 1.7800E+02 0.0000E+00
 1.7900E+02 0.0000E+00
 1.8000E+02 0.0000E+00
 1.8100E+02 0.0000E+00
 1.8200E+02 0.0000E+00
 1.8300E+02 0.0000E+00
 1.8400E+02 0.0000E+00
 1.8500E+02 0.0000E+00
 1.8600E+02 0.0000E+00
 1.8700E+02 0.0000E+00
 1.8800E+02 0.0000E+00
 1.8900E+02 0.0000E+00
 1.9000E+02 0.0000E+00
 1.9100E+02 0.0000E+00
 1.9200E+02 0.0000E+00
 1.9300E+02 0.0000E+00
 1.9400E+02 0.0000E+00
 1.9500E+02 0.0000E+00
 1.9600E+02 0.0000E+00
 1.9700E+02 0.0000E+00
 1.9800E+02 0.0000E+00
 1.9900E+02 0.0000E+00
 2.0000E+02 0.0000E+00
