-3.3023E+02 8.8080E-01
-3.2689E+02 8.8288E-01
-3.2356E+02 8.8494E-01
-3.2022E+02 8.8696E-01
-3.1689E+02 8.8895E-01
-3.1355E+02 8.9091E-01
-3.1022E+02 8.9283E-01
-3.0688E+02 8.9473E-01
-3.0355E+02 8.9660E-01
-3.0021E+02 8.9844E-01
-2.9687E+02 9.0025E-01
-2.9354E+02 9.0203E-01
-2.9020E+02 9.0379E-01
-2.8687E+02 9.0551E-01
-2.8353E+02 9.0721E-01
-2.8020E+02 9.0888E-01
-2.7686E+02 9.1052E-01
-2.7353E+02 9.1214E-01
-2.7019E+02 9.1373E-01
-2.6685E+02 9.1529E-01
-2.6352E+02 9.1683E-01
-2.6018E+02 9.1834E-01
-2.5685E+02 9.1983E-01
-2.5351E+02 9.2129E-01
-2.5018E+02 9.2273E-01
-2.4684E+02 9.2414E-01
-2.4351E+02 9.2553E-01
-2.4017E+02 9.2690E-01
-2.3683E+02 9.2824E-01
-2.3350E+02 9.2956E-01
-2.3016E+02 9.3086E-01
-2.2683E+02 9.3214E-01
-2.2349E+02 9.3339E-01
-2.2016E+02 9.3463E-01
-2.1682E+02 9.3584E-01
-2.1349E+02 9.3703E-01
-2.1015E+02 9.3820E-01
-2.0681E+02 9.3935E-01
-2.0348E+02 9.4048E-01
-2.0014E+02 9.4159E-01
-1.9681E+02 9.4268E-01
-1.9347E+02 9.4375E-01
-1.9014E+02 9.4480E-01
-1.8680E+02 9.4583E-01
-1.8347E+02 9.4685E-01
-1.8013E+02 9.4785E-01
-1.7679E+02 9.4883E-01
-1.7346E+02 9.4979E-01
-1.7012E+02 9.5074E-01
-1.6679E+02 9.5166E-01
-1.6345E+02 9.5258E-01
-1.6012E+02 9.5347E-01
-1.5678E+02 9.5435E-01
-1.5345E+02 9.5521E-01
-1.5011E+02 9.5606E-01
-1.4677E+02 9.5689E-01
-1.4344E+02 9.5771E-01
-1.4010E+02 9.5851E-01
-1.3677E+02 9.5930E-01
-1.3343E+02 9.6007E-01
-1.3010E+02 9.6083E-01
-1.2676E+02 9.6158E-01
-1.2343E+02 9.6231E-01
-1.2009E+02 9.6303E-01
-1.1675E+02 9.6373E-01
-1.1342E+02 9.6442E-01
-1.1008E+02 9.6509E-01
-1.0675E+02 9.6576E-01
-1.0341E+02 9.6640E-01
-1.0008E+02 9.6704E-01
-9.6741E+01 9.6766E-01
-9.3405E+01 9.6826E-01
-9.0070E+01 9.6885E-01
-8.6734E+01 9.6942E-01
-8.3399E+01 9.6998E-01
-8.0063E+01 9.7051E-01
-7.6728E+01 9.7103E-01
-7.3392E+01 9.7154E-01
-7.0057E+01 9.7202E-01
-6.6721E+01 9.7248E-01
-6.3385E+01 9.7292E-01
-6.0050E+01 9.7333E-01
-5.6714E+01 9.7372E-01
-5.3379E+01 9.7409E-01
-5.0043E+01 9.7443E-01
-4.6708E+01 9.7475E-01
-4.3372E+01 9.7505E-01
-4.0037E+01 9.7532E-01
-3.6701E+01 9.7558E-01
-3.3365E+01 9.7581E-01
-3.0030E+01 9.7604E-01
-2.6694E+01 9.7625E-01
-2.3359E+01 9.7647E-01
-2.0023E+01 9.7668E-01
-1.6688E+01 9.7691E-01
-1.3352E+01 9.7715E-01
-1.0016E+01 9.7741E-01
-6.6809E+00 9.7770E-01
-3.3454E+00 9.7803E-01
-9.8242E-03 9.7838E-01
 3.3257E+00 9.7878E-01
 6.6613E+00 9.7920E-01
 9.9969E+00 9.7967E-01
 1.3332E+01 9.8016E-01
 1.6668E+01 9.8068E-01
 2.0004E+01 9.8122E-01
 2.3339E+01 9.8176E-01
 2.6675E+01 9.8230E-01
 3.0010E+01 9.8280E-01
 3.3346E+01 9.8323E-01
 3.6681E+01 9.8358E-01
 4.0017E+01 9.8398E-01
 4.3352E+01 9.8457E-01
 4.6688E+01 9.8547E-01
 5.0024E+01 9.8656E-01
 5.3359E+01 9.8697E-01
 5.6695E+01 9.8601E-01
 6.0030E+01 9.8458E-01
 6.3366E+01 9.8529E-01
 6.6701E+01 9.8859E-01
 7.0037E+01 9.8967E-01
 7.3372E+01 9.8769E-01
 7.6708E+01 9.8702E-01
 8.0044E+01 9.8779E-01
 8.3379E+01 8.7831E-01
 8.6715E+01 8.4439E-01
 9.0050E+01 6.9736E-01
 9.3386E+01 7.0189E-01
 9.6721E+01 7.0522E-01
 1.0006E+02 7.0700E-01
 1.0339E+02 6.7595E-01
 1.0673E+02 4.9581E-01
 1.1006E+02 1.4341E-01
 1.1340E+02 8.2108E-02
 1.1673E+02 7.0611E-02
 1.2007E+02 6.4952E-02
 1.2341E+02 1.7810E-02
 1.2674E+02 1.7585E-03
 1.3008E+02 8.7364E-05
 1.3341E+02 1.3947E-06
 1.3675E+02 0.0000E+00
 1.4008E+02 0.0000E+00
 1.4342E+02 0.0000E+00
 1.4675E+02 0.0000E+00
 1.5009E+02 7.5086E-24
 1.5343E+02 1.0961E-30
 1.5676E+02 1.7780E-39
 1.6010E+02 0.0000E+00
 1.6343E+02 0.0000E+00
 1.6677E+02 0.0000E+00
 1.7010E+02 0.0000E+00
 1.7344E+02 0.0000E+00
 1.7677E+02 0.0000E+00
 1.8011E+02 0.0000E+00
 1.8345E+02 0.0000E+00
 1.8678E+02 0.0000E+00
 1.9012E+02 0.0000E+00
 1.9345E+02 0.0000E+00
 1.9679E+02 0.0000E+00
 2.0012E+02 0.0000E+00
 2.0346E+02 0.0000E+00
 2.0679E+02 0.0000E+00
 2.1013E+02 0.0000E+00
 2.1347E+02 0.0000E+00
 2.1680E+02 0.0000E+00
 2.2014E+02 0.0000E+00
 2.2347E+02 0.0000E+00
 2.2681E+02 0.0000E+00
 2.3014E+02 0.0000E+00
 2.3348E+02 0.0000E+00
 2.3681E+02 0.0000E+00
 2.4015E+02 0.0000E+00
 2.4349E+02 0.0000E+00
 2.4682E+02 0.0000E+00
 2.5016E+02 0.0000E+00
 2.5349E+02 0.0000E+00
 2.5683E+02 0.0000E+00
 2.6016E+02 0.0000E+00
 2.6350E+02 0.0000E+00
 2.6683E+02 0.0000E+00
 2.7017E+02 0.0000E+00
 2.7351E+02 0.0000E+00
 2.7684E+02 0.0000E+00
 2.8018E+02 0.0000E+00
 2.8351E+02 0.0000E+00
 2.8685E+02 0.0000E+00
 2.9018E+02 0.0000E+00
 2.9352E+02 0.0000E+00
 2.9685E+02 0.0000E+00
 3.0019E+02 0.0000E+00
 3.0353E+02 0.0000E+00
 3.0686E+02 0.0000E+00
 3.1020E+02 0.0000E+00
 3.1353E+02 0.0000E+00
 3.1687E+02 0.0000E+00
 3.2020E+02 0.0000E+00
 3.2354E+02 0.0000E+00
 3.2687E+02 0.0000E+00
 3.3021E+02 0.0000E+00
 3.3355E+02 0.0000E+00
