-4.9000E+02 1.1872E+01
-4.8000E+02 1.1805E+01
-4.7000E+02 1.1738E+01
-4.6000E+02 1.1673E+01
-4.5000E+02 1.1608E+01
-4.4000E+02 1.1545E+01
-4.3000E+02 1.1482E+01
-4.2000E+02 1.1421E+01
-4.1000E+02 1.1361E+01
-4.0000E+02 1.1302E+01
-3.9000E+02 1.1244E+01
-3.8000E+02 1.1187E+01
-3.7000E+02 1.1131E+01
-3.6000E+02 1.1076E+01
-3.5000E+02 1.1023E+01
-3.4000E+02 1.0971E+01
-3.3000E+02 1.0920E+01
-3.2000E+02 1.0870E+01
-3.1000E+02 1.0822E+01
-3.0000E+02 1.0774E+01
-2.9000E+02 1.0728E+01
-2.8000E+02 1.0684E+01
-2.7000E+02 1.0640E+01
-2.6000E+02 1.0598E+01
-2.5000E+02 1.0558E+01
-2.4000E+02 1.0519E+01
-2.3000E+02 1.0481E+01
-2.2000E+02 1.0444E+01
-2.1000E+02 1.0409E+01
-2.0000E+02 1.0375E+01
-1.9000E+02 1.0343E+01
-1.8000E+02 1.0312E+01
-1.7000E+02 1.0283E+01
-1.6000E+02 1.0255E+01
-1.5000E+02 1.0229E+01
-1.4000E+02 1.0204E+01
-1.3000E+02 1.0181E+01
-1.2000E+02 1.0159E+01
-1.1000E+02 1.0139E+01
-1.0000E+02 1.0120E+01
-9.0000E+01 1.0103E+01
-8.0000E+01 1.0088E+01
-7.0000E+01 1.0078E+01
-6.0000E+01 1.0071E+01
-5.0000E+01 1.0068E+01
-4.0000E+01 1.0069E+01
-3.0000E+01 1.0073E+01
-2.0000E+01 1.0082E+01
-1.0000E+01 1.0094E+01
 0.0000E+00 1.0111E+01
 1.0000E+01 1.0131E+01
 2.0000E+01 1.0156E+01
 3.0000E+01 1.0185E+01
 4.0000E+01 1.0217E+01
 5.0000E+01 1.0253E+01
 6.0000E+01 1.0292E+01
 7.0000E+01 1.0333E+01
 8.0000E+01 1.0379E+01
 9.0000E+01 1.0429E+01
 1.0000E+02 1.0483E+01
 1.1000E+02 1.0542E+01
 1.2000E+02 1.0606E+01
 1.3000E+02 1.0675E+01
 1.4000E+02 1.0748E+01
 1.5000E+02 1.0827E+01
 1.6000E+02 1.0910E+01
 1.7000E+02 1.0999E+01
 1.8000E+02 1.1093E+01
 1.9000E+02 1.1192E+01
 2.0000E+02 1.1297E+01
 2.1000E+02 1.1408E+01
 2.2000E+02 1.1525E+01
 2.3000E+02 1.1648E+01
 2.4000E+02 1.1777E+01
 2.5000E+02 1.1912E+01
 2.6000E+02 1.2054E+01
 2.7000E+02 1.2203E+01
 2.8000E+02 1.2363E+01
 2.9000E+02 1.2535E+01
 3.0000E+02 1.2721E+01
 3.1000E+02 1.2924E+01
 3.2000E+02 1.3142E+01
 3.3000E+02 1.3377E+01
 3.4000E+02 1.3626E+01
 3.5000E+02 1.3890E+01
 3.6000E+02 1.4166E+01
 3.7000E+02 1.4454E+01
 3.8000E+02 1.4752E+01
 3.9000E+02 1.5059E+01
 4.0000E+02 1.5372E+01
 4.1000E+02 1.5692E+01
 4.2000E+02 1.6017E+01
 4.3000E+02 1.6346E+01
 4.4000E+02 1.6676E+01
 4.5000E+02 1.7007E+01
 4.6000E+02 1.7339E+01
 4.7000E+02 1.7671E+01
 4.8000E+02 1.8003E+01
 4.9000E+02 1.8333E+01
 5.0000E+02 1.8662E+01
 5.1000E+02 1.8988E+01
 5.2000E+02 1.9312E+01
 5.3000E+02 1.9636E+01
 5.4000E+02 1.9958E+01
 5.5000E+02 2.0279E+01
 5.6000E+02 2.0599E+01
 5.7000E+02 2.0919E+01
 5.8000E+02 2.1239E+01
 5.9000E+02 2.1561E+01
 6.0000E+02 2.1885E+01
 6.1000E+02 2.2213E+01
 6.2000E+02 2.2546E+01
 6.3000E+02 2.2883E+01
 6.4000E+02 2.3225E+01
 6.5000E+02 2.3571E+01
 6.6000E+02 2.3922E+01
 6.7000E+02 2.4277E+01
 6.8000E+02 2.4636E+01
 6.9000E+02 2.4999E+01
 7.0000E+02 2.5366E+01
 7.1000E+02 2.5737E+01
 7.2000E+02 2.6112E+01
 7.3000E+02 2.6491E+01
 7.4000E+02 2.6872E+01
 7.5000E+02 2.7256E+01
 7.6000E+02 2.7643E+01
 7.7000E+02 2.8031E+01
 7.8000E+02 2.8422E+01
 7.9000E+02 2.8813E+01
 8.0000E+02 2.9206E+01
 8.1000E+02 2.9600E+01
 8.2000E+02 2.9995E+01
 8.3000E+02 3.0389E+01
 8.4000E+02 3.0785E+01
 8.5000E+02 3.1179E+01
 8.6000E+02 3.1574E+01
 8.7000E+02 3.1968E+01
 8.8000E+02 3.2361E+01
 8.9000E+02 3.2757E+01
 9.0000E+02 3.3152E+01
 9.1000E+02 3.3551E+01
 9.2000E+02 3.3952E+01
 9.3000E+02 3.4359E+01
 9.4000E+02 3.4772E+01
 9.5000E+02 3.5191E+01
 9.6000E+02 3.5616E+01
 9.7000E+02 3.6047E+01
 9.8000E+02 3.6483E+01
 9.9000E+02 3.6925E+01
 1.0000E+03 3.7372E+01
 1.0100E+03 3.7824E+01
 1.0200E+03 3.8280E+01
 1.0300E+03 3.8742E+01
 1.0400E+03 3.9208E+01
 1.0500E+03 3.9678E+01
 1.0600E+03 4.0153E+01
 1.0700E+03 4.0632E+01
 1.0800E+03 4.1114E+01
 1.0900E+03 4.1601E+01
 1.1000E+03 4.2091E+01
 1.1100E+03 4.2584E+01
 1.1200E+03 4.3081E+01
 1.1300E+03 4.3582E+01
 1.1400E+03 4.4085E+01
 1.1500E+03 4.4591E+01
 1.1600E+03 4.5101E+01
 1.1700E+03 4.5613E+01
 1.1800E+03 4.6128E+01
 1.1900E+03 4.6645E+01
 1.2000E+03 4.7165E+01
 1.2100E+03 4.7686E+01
 1.2200E+03 4.8208E+01
 1.2300E+03 4.8728E+01
 1.2400E+03 4.9244E+01
 1.2500E+03 4.9752E+01
 1.2600E+03 5.0245E+01
 1.2700E+03 5.0718E+01
 1.2800E+03 5.1163E+01
 1.2900E+03 5.1578E+01
 1.3000E+03 5.1966E+01
 1.3100E+03 5.2332E+01
 1.3200E+03 5.2691E+01
 1.3300E+03 5.3059E+01
 1.3400E+03 5.3448E+01
 1.3500E+03 5.3869E+01
 1.3600E+03 5.4319E+01
 1.3700E+03 5.4791E+01
 1.3800E+03 5.5269E+01
 1.3900E+03 5.5737E+01
 1.4000E+03 5.6182E+01
 1.4100E+03 5.6599E+01
 1.4200E+03 5.6988E+01
 1.4300E+03 5.7362E+01
 1.4400E+03 5.7734E+01
 1.4500E+03 5.8115E+01
 1.4600E+03 5.8507E+01
 1.4700E+03 5.8902E+01
 1.4800E+03 5.9285E+01
 1.4900E+03 5.9650E+01
 1.5000E+03 6.0001E+01
