-4.9000E+02 1.2486E+01
-4.8000E+02 1.2451E+01
-4.7000E+02 1.2381E+01
-4.6000E+02 1.2311E+01
-4.5000E+02 1.2241E+01
-4.4000E+02 1.2172E+01
-4.3000E+02 1.2102E+01
-4.2000E+02 1.2033E+01
-4.1000E+02 1.1965E+01
-4.0000E+02 1.1897E+01
-3.9000E+02 1.1829E+01
-3.8000E+02 1.1761E+01
-3.7000E+02 1.1693E+01
-3.6000E+02 1.1627E+01
-3.5000E+02 1.1561E+01
-3.4000E+02 1.1497E+01
-3.3000E+02 1.1481E+01
-3.2000E+02 1.1429E+01
-3.1000E+02 1.1378E+01
-3.0000E+02 1.1328E+01
-2.9000E+02 1.1279E+01
-2.8000E+02 1.1231E+01
-2.7000E+02 1.1184E+01
-2.6000E+02 1.1137E+01
-2.5000E+02 1.1092E+01
-2.4000E+02 1.1048E+01
-2.3000E+02 1.1005E+01
-2.2000E+02 1.0963E+01
-2.1000E+02 1.0922E+01
-2.0000E+02 1.0883E+01
-1.9000E+02 1.0845E+01
-1.8000E+02 1.0808E+01
-1.7000E+02 1.0773E+01
-1.6000E+02 1.0739E+01
-1.5000E+02 1.0707E+01
-1.4000E+02 1.0676E+01
-1.3000E+02 1.0647E+01
-1.2000E+02 1.0619E+01
-1.1000E+02 1.0594E+01
-1.0000E+02 1.0570E+01
-9.0000E+01 1.0548E+01
-8.0000E+01 1.0525E+01
-7.0000E+01 1.0498E+01
-6.0000E+01 1.0467E+01
-5.0000E+01 1.0484E+01
-4.0000E+01 1.0453E+01
-3.0000E+01 1.0418E+01
-2.0000E+01 1.0380E+01
-1.0000E+01 1.0343E+01
 0.0000E+00 1.0306E+01
 1.0000E+01 1.0263E+01
 2.0000E+01 1.0207E+01
 3.0000E+01 1.0143E+01
 4.0000E+01 1.0072E+01
 5.0000E+01 9.9907E+00
 6.0000E+01 9.8977E+00
 7.0000E+01 9.7965E+00
 8.0000E+01 9.6878E+00
 9.0000E+01 9.5650E+00
 1.0000E+02 9.4864E+00
 1.1000E+02 9.3715E+00
 1.2000E+02 9.2397E+00
 1.3000E+02 9.1054E+00
 1.4000E+02 8.9688E+00
 1.5000E+02 8.8157E+00
 1.6000E+02 8.6327E+00
 1.7000E+02 8.4908E+00
 1.8000E+02 8.3288E+00
 1.9000E+02 8.1441E+00
 2.0000E+02 7.9547E+00
 2.1000E+02 7.7431E+00
 2.2000E+02 7.4986E+00
 2.3000E+02 7.3243E+00
 2.4000E+02 7.0806E+00
 2.5000E+02 6.7952E+00
 2.6000E+02 6.4966E+00
 2.7000E+02 6.2565E+00
 2.8000E+02 5.9006E+00
 2.9000E+02 5.5278E+00
 3.0000E+02 5.3269E+00
 3.1000E+02 5.1440E+00
 3.2000E+02 4.9992E+00
 3.3000E+02 4.9063E+00
 3.4000E+02 4.9747E+00
 3.5000E+02 5.1798E+00
 3.6000E+02 5.3701E+00
 3.7000E+02 5.4720E+00
 3.8000E+02 5.6882E+00
 3.9000E+02 5.8987E+00
 4.0000E+02 6.1484E+00
 4.1000E+02 6.3603E+00
 4.2000E+02 6.5031E+00
 4.3000E+02 6.6819E+00
 4.4000E+02 6.8411E+00
 4.5000E+02 7.0254E+00
 4.6000E+02 7.1693E+00
 4.7000E+02 7.2861E+00
 4.8000E+02 7.4264E+00
 4.9000E+02 7.5037E+00
 5.0000E+02 7.5764E+00
 5.1000E+02 7.7144E+00
 5.2000E+02 7.8758E+00
 5.3000E+02 7.9859E+00
 5.4000E+02 8.0578E+00
 5.5000E+02 8.1797E+00
 5.6000E+02 8.3109E+00
 5.7000E+02 8.3408E+00
 5.8000E+02 8.4390E+00
 5.9000E+02 8.5542E+00
 6.0000E+02 8.6659E+00
 6.1000E+02 8.7400E+00
 6.2000E+02 8.8497E+00
 6.3000E+02 8.9904E+00
 6.4000E+02 9.0783E+00
 6.5000E+02 9.2222E+00
 6.6000E+02 9.3695E+00
 6.7000E+02 9.4710E+00
 6.8000E+02 9.6359E+00
 6.9000E+02 9.8434E+00
 7.0000E+02 1.0044E+01
 7.1000E+02 1.0206E+01
 7.2000E+02 1.0436E+01
 7.3000E+02 1.0652E+01
 7.4000E+02 1.0865E+01
 7.5000E+02 1.1081E+01
 7.6000E+02 1.1334E+01
 7.7000E+02 1.1592E+01
 7.8000E+02 1.1805E+01
 7.9000E+02 1.2051E+01
 8.0000E+02 1.2277E+01
 8.1000E+02 1.2487E+01
 8.2000E+02 1.2643E+01
 8.3000E+02 1.2858E+01
 8.4000E+02 1.3042E+01
 8.5000E+02 1.3192E+01
 8.6000E+02 1.3376E+01
 8.7000E+02 1.3545E+01
 8.8000E+02 1.3646E+01
 8.9000E+02 1.3877E+01
 9.0000E+02 1.4093E+01
 9.1000E+02 1.4304E+01
 9.2000E+02 1.4468E+01
 9.3000E+02 1.4739E+01
 9.4000E+02 1.5013E+01
 9.5000E+02 1.5203E+01
 9.6000E+02 1.5351E+01
 9.7000E+02 1.5647E+01
 9.8000E+02 1.5870E+01
 9.9000E+02 1.6117E+01
 1.0000E+03 1.6346E+01
 1.0100E+03 1.6606E+01
 1.0200E+03 1.6793E+01
 1.0300E+03 1.7073E+01
 1.0400E+03 1.7359E+01
 1.0500E+03 1.7434E+01
 1.0600E+03 1.7660E+01
 1.0700E+03 1.8288E+01
 1.0800E+03 1.9001E+01
 1.0900E+03 1.9679E+01
 1.1000E+03 2.0391E+01
 1.1100E+03 2.1112E+01
 1.1200E+03 2.1779E+01
 1.1300E+03 2.2423E+01
 1.1400E+03 2.3086E+01
 1.1500E+03 2.3696E+01
 1.1600E+03 2.4379E+01
 1.1700E+03 2.5125E+01
 1.1800E+03 2.5847E+01
 1.1900E+03 2.6541E+01
 1.2000E+03 2.7247E+01
 1.2100E+03 2.7889E+01
 1.2200E+03 2.8488E+01
 1.2300E+03 2.9175E+01
 1.2400E+03 2.9845E+01
 1.2500E+03 3.0504E+01
 1.2600E+03 3.1306E+01
 1.2700E+03 3.2087E+01
 1.2800E+03 3.2845E+01
 1.2900E+03 3.3570E+01
 1.3000E+03 3.4252E+01
 1.3100E+03 3.4842E+01
 1.3200E+03 3.5412E+01
 1.3300E+03 3.6096E+01
 1.3400E+03 3.6770E+01
 1.3500E+03 3.7459E+01
 1.3600E+03 3.8195E+01
 1.3700E+03 3.8924E+01
 1.3800E+03 3.9635E+01
 1.3900E+03 4.0317E+01
 1.4000E+03 4.0950E+01
 1.4100E+03 4.1555E+01
 1.4200E+03 4.2295E+01
 1.4300E+03 4.3040E+01
 1.4400E+03 4.3778E+01
 1.4500E+03 4.4509E+01
 1.4600E+03 4.5187E+01
 1.4700E+03 4.5807E+01
 1.4800E+03 4.6409E+01
 1.4900E+03 4.7030E+01
 1.5000E+03 4.7620E+01
